tree
version=v4
num_class=1
num_tree_per_iteration=1
label_index=0
max_feature_idx=30
objective=binary sigmoid:1
feature_names=Esfera UF Municipio OrgaoDestinatario FormaResposta OrigemSolicitacao TipoDemandante Genero Escolaridade Profissao TipoPessoaJuridica Pais UF_sol Municipio_sol reg_month reg_dow reg_day idade orgao_rate uf_match n_pedidos_previos prev_reenc_solicitante prev_reenc_rate_solicitante n_pedidos_previos_neste_orgao prev_reenc_neste_orgao n_orgaos_distintos_previos dias_desde_ultimo_pedido prev_reenc_rate_neste_orgao orgao_rate_movel_90d orgao_rate_movel_365d dias_desde_primeiro_pedido_do_orgao
feature_infos=-1:1:2:0 -1:25:10:21:24:22:13:3:17:20:19:11:18:5:6:14:0:9:16:15:1:23:7:4:8:2:12 -1:136:28:42:73:105:83:151:207:32:127:150:97:43:38:129:128:8:3:71:158:180:191:183:130:51:23:169:59:209:47:35:39:172:140:193:106:56:49:178:202:63:17:15:44:84:197:81:138:119:184:36:64:171:203:5:80:85:91:101:120:132:155:7:94:137:156:16:24:40:77:195:211:9:19:20:79:104:114:157:45:76:92:112:115:121:145:176:189:199:188:18:37:46:75:78:93:103:125:146:167:177:14:33:54:61:72:109:118:122:141:148:10:22:26:27:50:57:67:69:86:99:107:135:139:165:174:179:192:206 -1:230:21:265:278:14:29:50:223:292:263:293:93:159:253:175:222:306:377:62:57:269:367:266:262:19:155:176:16:277:272:18:279:280:7:301:32:58:72:137:15:34:20:237:260:496:258:225:271:39:179:10:167:255:257:63:256:267:12:288:281:78:304:135:307:139:434:11:473:28:66:450:474:481:480:13:242:91:376:189:442:449:456:482:261:33:89:194:44:460:143:466:447:475:468:488:472:228:467:203:458:486:264:213:371:509:191:500:465:489:202:276:97:453:457:437:463:188:17:483:153:448:495:204:291:201:478:490:84:361:476:360:1:195:6:46:47:224:36:161:300:4:73:508:71:212:461:207:243:485:464:64:311:503:504:505:446:494:220:491:67:197:498:445:138:484:493:152:477:182:205:65:192:470:471:142:149:75:196:199:469:492:506:190:479:451:235:166:171:499:336:35:94:185:459:30:338:487:454:165:186:497:345:501:206:270:296:502:31:43:209:210:170:198:443:187:183:200:218:282:363:52:74:102:119:133:275:439:8:381:368:211:462:297:404:140:340:358:184:214:452:178:208:348:181:343:346:151:193:342:215:227:25:337:104:129:382:51:172:85:216:217:335:375:117:148:125:126:339:27:80:136:365:60:110:118:303:389:430:455:444:370:510:108:113:347:355:356:373:173:390:424:98:418:103:121:221:112:120:268:284:69:101:116:287:48:100:127:131:134:141:160:421:42:68:111:164:2:45:109:123:130:352:364:379:132:378:49:92:128:251:290:429:40:145:388:394:38:114:122:162:366:426:99:107:115:150:239:241 -1:2:3:0 -1:2:1:4:7:6:3:0 -1:0:1 -1:1:0:2 -1:2:4:3:1:0:5 -1:7:0:2:3:13:1:10:9:8:12:14:5:4:6:11 -1:5:3:0:6:1:8:11:2:12:4:10:9 -1:10:19:44:24:3:23:34:1:17:42:26:47:8:30:39:41:50:43:11:36:46:48 -1:25:6:18:12:23:20:13:4:8:16:15:5:10:7:14:19:9:24:3:11:1:21:17:26:0:22:2 -1:258:1711:1456:1360:531:206:1414:632:927:942:1103:1489:672:638:526:1006:210:87:332:1810:1822:1381:1562:1869:1138:962:994:1125:992:934:204:341:1675:1369:1697:704:1633:1876:1514:224:1631:437:1436:1155:1216:1879:1767:1152:1634:1431:1607:560:1234:1847:1546:990:983:1114:1267:1632:931:574:935:1542:385:1088:1584:980:1191:327:1877:191:1289:919:825:1650:1811:351:640:891:1368:1243:1821:60:486:1853:961:964:1144:1684:1031:851:876:78:1086:360:634:1674:397:717:1175:1344:1871:76:763:1127:177:619:70:221:674:1829:568:1618:378:1313:198:703:879:1180:1881:101:416:1534:1846:205:292:1676:123:1246:1383:1291:1441:1773:1283:1720:1279:1398:1512:1727:1758:281:817:968:152:394:766:304:642:677:932:997:1391:1412:1621:1803:631:960:1195:1213:452:548:623:1149:1439:156:318:1076:1172:1660:110:586:684:694:550:613:1030:1249:1254:1345:1459:1898:24:343:401:508:523:775:836:986:1033:1035:1229:1261:1287:1288:1568:1690:308:1014:1055:1380:1453:1768:1814:1882:1883:406:415:715:758:818:912:1625:199:250:279:497:1075:1306:1432:54:93:147:216:282:577:650:707:782:867:898:1047:1318:1594:6:253:317:403:458:578:831:1422:1484:1808:85:289:392:407:601:840:946:1199:1294:1598:1643:1735:1738:1819:1836:1862:102:107:188:269:413:726:804:1087:1244:1252:1540:1583:1685:1692:91:96:132:136:218:259:291:454:556:756:796:813:838:865:988:1171:1230:1666:1801:1861:56:140:186:195:217:342:427:609:646:866:904:925:1038:1117:1266:1495:1532:1701:1782:1790:1794:1891:1:252:313:355:505:538:698:802:805:910:975:1101:1302:1503:1538:1566:1657:1757:1762:1845:32:100:104:121:164:179:200:295:374:504:509:513:520:537:593:622:641:671:799:856:893:894:1377:1451:1458:1467:1509:1518:1549:1582:1622:1696:1804:1823:1857:38:49:133:144:171:209:299:307:364:365:408:472:589:643:652:693:727:735:863:903:974:985:1059:1071:1223:1233:1238:1376:1403:1527:1543:1552:1575:1619:1683:1783:1842:1859:26:89:97:162:319:393:412:418:605:608:649:688:710:723:834:870:908:940:1011:1015:1016:1029:1052:1134:1151:1240:1284:1321:1363:1378:1476:1485:1510:1569:1589:1606:1714:1765:1792:1797:1806:1868:1878:27:28:35:77:79:122:143:169:176:207:212:232:298:324:405:434:451:469:483:506:515:571:573:576:616:644:685:706:742:752:753:757:800:815:821:839:843:874:877:941:959:993:998:1066:1082:1089:1226:1239:1255:1259:1309:1320:1333:1348:1349:1400:1416:1430:1435:1455:1474:1572:1580:1682:1709:1740:1828:33:36:66:75:108:131:142:233:234:245:268:286:305:320:328:337:345:346:361:366:372:425:439:445:456:482:489:501:510:525:530:544:549:551:595:633:669:675:705:714:730:737:744:754:770:793:798:829:835:837:882:909:928:929:947:955:966:967:979:1007:1032:1044:1067:1097:1111:1121:1143:1148:1150:1169:1176:1181:1197:1200:1218:1225:1251:1253:1280:1282:1285:1297:1300:1314:1327:1341:1346:1352:1366:1386:1395:1462:1502:1506:1516:1531:1597:1614:1626:1639:1646:1651:1670:1673:1681:1698:1703:1722:1785:1789:1839:1866:1884:20:34:46:63:74:80:88:99:109:114:115:117:134:148:157:165:166:180:187:203:214:215:223:227:237:248:263:277:290:315:316:362:371:373:376:380:381:389:400:421:426:449:450:461:471:476:478:485:488:521:528:532:534:564:566:587:607:637:654:657:696:722:734:738:748:755:760:761:781:790:807:855:868:869:871:872:884:888:896:899:917:923:939:945:978:981:1022:1028:1051:1079:1083:1092:1095:1113:1124:1147:1160:1179:1206:1209:1221:1224:1227:1231:1235:1241:1263:1268:1295:1319:1324:1329:1338:1357:1364:1373:1426:1429:1448:1463:1477:1480:1501:1508:1515:1528:1537:1556:1561:1563:1564:1588:1602:1612:1620:1636:1656:1658:1662:1693:1719:1732:1771:1777:1809:1825:1827:1840:1851:1880:1885:1892:1894:1902 [1:12] [0:6] [1:31] [10.699999809265137:103.59999847412109] [0.0077190357260406017:0.55293124914169312] [0:1] [-1:805] [-1:85] [-1:1] [-1:325] [-1:22] [-1:199] [-1:357] [-1:1] [0.0027276279870420694:0.63117438554763794] [0.0037496073637157679:0.60471928119659424] [0:3882]
tree_sizes=3599 3903 3863 4021

Tree=0
num_leaves=31
num_cat=5
split_feature=18 18 18 18 0 18 18 28 28 18 5 20 20 28 14 20 18 3 18 14 0 28 25 20 13 20 18 17 28 14
split_gain=5258.12 1861.51 1621.89 210.909 200.91 195.763 105.219 94.9718 154.269 146.894 71.3838 69.8235 63.9201 61.8178 59.6321 57.6603 57.4712 52.9012 52.8099 46.8757 43.8712 42.586 41.69 34.6207 32.7357 32.3291 31.4271 29.0719 28.748 28.5317
threshold=0.14145046472549441 0.077635511755943312 0.29358410835266119 0.096393343061208739 0 0.041530730202794082 0.21841647475957873 0.15183437615633014 0.13366395980119708 0.12941540032625201 1 1.0000000180025095e-35 1.5000000000000002 0.057977411895990379 2.5000000000000004 -1.0000000180025095e-35 0.38546864688396459 2 0.057273160666227348 9.5000000000000018 3 0.19353416562080386 6.5000000000000009 -1.0000000180025095e-35 4 2.5000000000000004 0.24046088755130771 45.149999618530281 0.065551340579986586 5.5000000000000009
decision_type=2 2 2 2 9 2 2 2 2 2 9 2 2 2 2 2 2 9 2 2 9 2 2 2 9 2 2 8 2 2
left_child=1 5 4 24 -2 -1 12 8 14 -10 13 -8 23 -7 17 -11 27 -5 -12 22 -16 -14 -18 -6 -3 -22 29 -4 -27 -13
right_child=2 3 16 7 6 10 11 -9 9 15 18 26 21 -15 20 -17 19 -19 -20 -21 25 -23 -24 -25 -26 28 -28 -29 -30 -31
leaf_value=-2.4719267762260855 -1.9177365330453948 -2.432110085025454 -1.7468502161761914 -2.4180332331959673 -2.1716030598132878 -2.0614363904126796 -2.0848541449466076 -2.3652722546122731 -2.361207616046419 -2.1145428594397195 -2.4480577593862609 -2.1614514911403098 -2.2417656231873115 -2.407729489314169 -2.1253029936870282 -2.2308904749508933 -1.6770286117283852 -2.3176350460440176 -2.4121963285331609 -1.8883672191309133 -2.3036205760088722 -2.395132711914115 -1.8763171623924717 -2.2366144738644915 -2.3724996205342874 -2.4568313967269568 -2.147914448289399 -1.9568918075323936 -2.3357036050012057 -2.3734875451140218
leaf_weight=2421.2503374963999 24.356321655213833 92.476700633764267 8.5827038213610631 112.03907961398363 114.97730254381895 11.36628343909979 93.945812098681927 333.95223247259855 70.053420379757881 64.022331207990646 816.13007958978415 9.665207006037237 35.490640126168728 9.4332420378923398 12.526108279824257 127.27144585549831 52.114796176552773 82.579528659582138 826.49118150025606 21.18613375723362 511.86936303973198 36.959751591086388 13.144681528210638 284.8529808819294 915.48840761184692 25.20685987174511 25.825433120131493 28.377047769725323 87.99204458296299 18.479875795543194
leaf_count=31314 315 1196 111 1449 1487 147 1215 4319 906 828 10555 125 459 122 162 1646 674 1068 10689 274 6620 478 170 3684 11840 326 334 367 1138 239
internal_value=-2.38337 -2.41252 -2.13588 -2.34332 -2.19946 -2.45378 -2.21053 -2.3186 -2.30434 -2.23732 -2.42737 -2.13693 -2.23358 -2.27201 -2.32539 -2.19195 -1.80375 -2.37384 -2.42973 -1.75913 -2.3106 -2.32 -1.71717 -2.21792 -2.37835 -2.31432 -2.22758 -1.90812 -2.36268 -2.30067
internal_weight=7288.11 6520.15 767.959 2435.48 644.553 4084.67 620.197 1427.51 1093.56 261.347 1663.42 147.916 472.281 20.7995 832.213 191.294 123.405 194.619 1642.62 86.4456 637.594 72.4504 65.2595 399.83 1007.97 625.068 53.9705 36.9598 113.199 28.1451
internal_count=94257 84325 9932 31498 8336 52827 8021 18462 14143 3380 21513 1913 6108 269 10763 2474 1596 2517 21244 1118 8246 937 844 5171 13036 8084 698 478 1464 364
cat_boundaries=0 1 2 13 14 73
cat_threshold=4 194 0 33554432 1073741824 0 32 0 0 2147483712 25165824 0 262144 4 0 0 0 0 0 0 24576 0 0 0 4096 0 0 0 0 0 16384 0 0 1073774592 0 1 0 0 0 0 0 0 0 16384 0 0 0 0 0 32 1 0 0 0 0 2 65536 0 64 524288 131072 0 67108864 0 0 1 2048 32768 0 0 536870912 0 8388608
is_linear=0
shrinkage=1


Tree=1
num_leaves=31
num_cat=9
split_feature=3 3 29 3 20 3 1 3 30 3 3 30 5 29 29 29 29 28 23 17 20 29 29 29 23 14 30 30 28 14
split_gain=3617.94 726.198 393.272 188.903 182.858 144.13 131.261 87.6547 80.6746 80.465 76.0903 59.0339 56.0896 78.2618 55.323 52.8895 52.4548 102.837 41.8618 41.6887 38.2179 38.1798 37.523 31.3336 30.9047 29.7526 29.2644 29.1821 29.0482 38.4798
threshold=0 1 0.049464801326394088 2 -1.0000000180025095e-35 3 4 5 3765.5000000000005 6 7 792.50000000000011 8 0.037231564521789558 0.11602056026458742 0.30775462090969091 0.12669155001640323 0.10346051305532457 5.5000000000000009 55.45000076293946 1.5000000000000002 0.082077622413635268 0.1990504935383797 0.03263551369309426 12.500000000000002 6.5000000000000009 3591.5000000000005 3649.5000000000005 0.19353416562080386 8.5000000000000018
decision_type=9 9 2 9 2 9 9 9 2 9 9 2 9 2 2 2 2 2 2 10 2 2 2 2 2 2 2 2 2 2
left_child=1 15 7 24 8 11 14 23 25 21 -11 -6 13 -9 -5 26 17 -7 27 20 -13 -8 -10 -2 -4 -3 -1 -17 29 -22
right_child=2 4 3 6 5 16 9 12 22 10 -12 19 -14 -15 -16 18 -18 -19 -20 -21 28 -23 -24 -25 -26 -27 -28 -29 -30 -31
leaf_value=0.27227403963557611 0.14077846142032835 0.14395607630726759 0.032255079653306172 0.10174577415929183 0.36323171871131232 0.019600667965159864 0.051330254419985059 -0.082519594011267294 0.05980633421585211 -0.0061473375349583087 -0.054820766144207549 0.11688823962291491 -0.079354926110975499 0.2946136081386318 0.38746412700540955 0.43059744388899923 0.0076152676055132335 0.11446232445777078 0.17119743827912001 0.27259661603949453 0.045514399860195912 -0.016328706592693722 0.17379274556388621 -0.0053937225998552463 -0.078682303300086465 0.2062374897992077 0.18258214489017296 0.3107636253358963 -0.00094589844608206118 0.2558256398967011
leaf_weight=75.555071733891964 22.401446938514709 174.47443953901529 633.83145637065172 22.11044500023127 9.2151461094617826 260.56180758029222 128.21588847786188 11.488500446081163 129.77545975893736 424.67197953164577 1502.9055096283555 378.61530118435621 2226.4416663348675 10.560576841235159 9.7720008790492994 26.081978224217892 301.16327767074108 203.55647553503513 17.426490545272827 14.87625031173229 28.258468307554722 238.62988642603159 37.145827129483223 42.463319689035416 26.147167295217514 136.87532411515713 70.155070438981056 92.012453533709049 55.305192954838276 12.569477200508116
leaf_count=665 291 2042 7971 260 85 3235 1643 158 1614 5509 20342 4320 30837 107 92 206 3779 2364 149 173 339 3051 400 561 337 1480 715 772 705 151
internal_value=-4.48425e-05 0.113374 -0.0434846 -0.0195906 0.0880912 0.0686704 -0.0329109 -0.0745172 0.141264 -0.0359855 -0.0441844 0.110266 -0.0776224 0.0674985 0.144116 0.26161 0.0395987 0.0612058 0.31588 0.107757 0.102591 0.0071245 0.0851723 0.0390652 0.0274441 0.171336 0.22909 0.33723 0.0462842 0.110262
internal_weight=7323.26 2023.62 5299.64 2986.28 1742.39 1264.12 2326.31 2313.36 478.271 2294.42 1927.58 498.84 2248.49 22.0491 31.8824 281.231 765.282 464.118 135.521 489.625 474.748 366.846 166.921 64.8648 659.979 311.35 145.71 118.094 96.1331 40.8279
internal_count=94353 23194 71159 39205 20687 15151 30897 31954 5536 30545 25851 5773 31102 265 352 2507 9378 5599 1127 5688 5515 4694 2014 852 8308 3522 1380 978 1195 490
cat_boundaries=0 14 26 40 54 55 67 81 93 94
cat_threshold=536870912 266368 256 0 134217728 262274 2147483648 32832 17825857 12 33619968 1678098432 1049600 262180 0 4096 0 0 134217728 128 0 0 1048576 8 0 1073774592 0 33554433 512 33685696 12584992 0 536870912 2147485696 76027412 0 402915328 134217800 16 16640 0 262144 256 0 0 2 2147483648 0 16777280 4 0 603996160 0 262144 20971520 167940096 524288 18437 2097408 1026 0 2048 2147483648 81920 8224 4194304 2097664 2048 268435456 1073741952 12632080 51388544 69633 0 524296 2147483810 32768 0 526337 64 1024 1048704 2147484736 0 134545408 256 0 8388624 537001984 0 32 131072 8396800 66
is_linear=0
shrinkage=0.1


Tree=2
num_leaves=31
num_cat=4
split_feature=18 18 18 18 18 5 13 20 30 28 18 28 18 26 15 20 30 28 30 14 18 14 23 15 0 28 22 26 25 13
split_gain=3100.63 630.396 491.824 145.851 86.9204 66.321 59.975 53.5921 49.5584 69.0405 50.9929 49.3338 42.7435 39.7836 34.7354 34.3302 34.0711 31.7722 29.5557 38.7811 35.2407 28.6336 25.7744 22.373 21.9012 21.754 21.1589 20.8392 20.0622 19.0711
threshold=0.091830749064683928 0.21841647475957873 0.061565008014440543 0.14145046472549441 0.29358410835266119 0 1 3.5000000000000004 3772.5000000000005 0.13366395980119708 0.12941540032625201 0.22076819092035296 0.041530730202794082 1.0000000180025095e-35 4.5000000000000009 1.0000000180025095e-35 792.50000000000011 0.038190171122550971 3585.5000000000005 8.5000000000000018 0.10887618735432626 4.5000000000000009 1.0000000180025095e-35 3.5000000000000004 2 0.11290118843317033 0.10102041065692903 1.5000000000000002 23.500000000000004 3
decision_type=2 2 2 2 2 9 9 2 2 2 2 2 2 2 2 2 2 2 2 2 2 2 2 2 9 2 2 2 2 9
left_child=2 3 5 6 13 -1 -2 29 9 16 21 24 -7 23 -10 -13 -8 -9 19 -18 -21 -11 -15 -3 26 -16 28 -20 -5 -4
right_child=1 4 7 11 -6 12 8 17 14 10 -12 15 -14 22 25 -17 18 -19 27 20 -22 -23 -24 -25 -26 -27 -28 -29 -30 -31
leaf_value=0.11179638495355458 -0.052430569334332336 0.14379608068415897 -0.031901328698629799 0.11635289115908463 0.23317334161120284 -0.084534853087916417 0.11417101119497813 0.15695029456738627 0.011430694556251184 0.11999706043493252 0.12028672553177691 0.08097106734950936 -0.058094370191433979 0.1528295741172721 0.24270003954139768 -0.031749743810800993 0.0055490212651512529 -0.046122787752527879 0.062890956761833483 -0.0039386277120893069 0.23771687730515825 -0.0038033425536650972 -0.03011987790587823 0.22675884527555124 0.19973216409308772 0.068599707690775003 0.24005289626295975 -0.0056390589783977792 -0.013523921310413531 0.006748364847019738
leaf_weight=12.056690767407416 54.134183555841446 138.75819941610098 133.9070253521204 345.17503004521132 235.30769792944193 2106.2528647556901 65.35344210267067 7.8800156116485587 386.12569572776556 26.526115782558918 259.01670674234629 177.77356345951557 861.48257748037577 12.774518027901648 9.352597661316393 31.861365042626858 294.38447830826044 345.82348948717117 404.23525945097208 10.429863601922989 14.320155709981918 63.180066898465157 19.387944541871548 42.450005389750004 34.556453861296177 30.852051340043545 13.360443279147146 49.844397187232971 12.318068258464335 1127.6543496921659
leaf_count=152 652 1252 1778 3576 1593 31226 756 100 4767 323 2585 1801 12316 127 112 385 3597 4630 4713 133 156 777 201 383 303 384 143 607 141 14794
internal_value=-0.00147707 0.0828996 -0.0516338 0.0616015 0.191261 -0.0757211 0.0462515 -0.00719826 0.0495798 0.0603886 0.0977826 0.103224 -0.0766015 0.145039 0.0206413 0.0638392 0.0448381 -0.0415986 0.0389779 0.0156568 0.135881 0.0328044 0.0425453 0.163231 0.12359 0.1091 0.116495 0.0553684 0.111878 0.00244656
internal_weight=7326.54 2731.48 4595.06 2282.8 448.678 2979.79 1667.76 1615.26 1613.62 1187.29 348.723 615.045 2967.74 213.371 426.33 209.635 838.568 353.704 773.214 319.134 24.75 89.7062 32.1625 181.208 405.41 40.2046 370.854 454.08 357.493 1261.56
internal_count=94463 29467 64996 25911 3556 43694 19562 21302 18910 13647 3685 6349 43542 1963 5263 2186 9962 4730 9206 3886 289 1100 328 1635 4163 496 3860 5320 3717 16572
cat_boundaries=0 1 60 61 120
cat_threshold=192 0 268435456 0 0 0 0 0 0 0 0 2097152 256 0 0 0 64 16384 0 0 0 0 1 0 0 0 0 0 4096 8388608 0 1073741824 32 640 0 32769 32 268435456 0 1 0 0 2 33554432 0 276824128 0 0 256 0 65536 2147483648 262144 0 2 0 0 1074266112 8388608 8192 2 0 0 8388608 0 0 0 278528 0 4 0 2101248 0 0 0 0 0 16384 1073741824 0 1090519040 0 1 1 0 0 0 0 0 2147483648 0 0 16384 0 0 0 32 0 128 0 0 0 0 33619968 0 64 65536 131072 1024 0 0 0 0 1050624 0 0 0 0 0 8388608
is_linear=0
shrinkage=0.1


Tree=3
num_leaves=31
num_cat=12
split_feature=28 29 29 23 2 13 30 13 29 5 28 29 4 13 26 29 9 12 25 6 30 7 1 25 30 14 7 25 23 26
split_gain=1561.45 470.642 265.314 97.894 67.5784 74.3619 65.6655 45.221 45.3472 46.4585 43.8377 42.6202 38.016 35.8351 27.3191 26.6426 21.3788 23.3513 29.7267 26.5783 24.2293 19.9006 19.7049 18.8901 17.6262 27.6952 16.5634 16.4591 32.1468 15.46
threshold=0.11290118843317033 0.049464801326394088 0.25872468948364263 2.5000000000000004 0 1 3772.5000000000005 2 0.030947263352572921 3 0.13366395980119708 0.17897479981184009 4 5 9.5000000000000018 0.10634561255574228 6 7 1.0000000180025095e-35 8 3597.5000000000005 9 10 5.5000000000000009 3655.5000000000005 3.5000000000000004 11 3.5000000000000004 1.0000000180025095e-35 10.500000000000002
decision_type=2 2 2 2 9 9 2 9 2 9 2 2 9 9 2 2 9 9 2 9 2 9 9 2 2 2 9 2 2 2
left_child=1 7 6 4 -3 26 10 -1 -9 -10 -2 -8 13 -7 16 23 -12 18 -18 20 -19 -4 -15 -5 25 -25 -6 29 -29 -24
right_child=2 3 21 15 5 12 11 8 9 -11 14 -13 -14 22 -16 -17 17 19 -20 -21 -22 -23 27 24 -26 -27 -28 28 -30 -31
leaf_value=0.048562589603140111 0.030599705439609132 0.099043515788180964 0.085773686236392713 -0.082657542664074102 0.025454425804420863 -0.05613260988757858 0.010187770897068332 -0.080291364027270593 0.093030365417873698 -0.053239679762875969 0.0045483877222616854 0.068840028341529039 0.091178373905087276 -0.074575281393235784 0.0066385421204738409 0.07022568058233318 0.16362149875849152 0.13316523515382342 0.35001560991280706 0.11224200324379122 0.061551837394975863 0.16261142067573939 0.0023553801246616176 -0.030993609134377688 -0.055619115966876888 0.1764894919220332 0.12710312411781349 -0.050212787535460317 0.023570810589067209 -0.028377314139420202
leaf_weight=30.772907622158527 187.57079372555017 57.765770062804222 37.688712000846863 197.82434644550085 22.237538479268551 126.6874458566308 352.36301924288273 1206.0517615899444 14.715581178665159 850.87845426052809 41.142809994518757 191.07616680860519 40.693716570734978 28.58514054864645 42.84052037447691 15.457952834665774 36.098146550357342 54.043735824525356 11.214331947267054 237.61092749238014 375.52973082661629 319.02731484919786 2209.9224629253149 20.209608934819702 77.42521121352911 9.4377246350049955 57.431398317217827 180.3267323449254 87.801070868968964 176.77790746837854
leaf_count=466 2084 538 289 2822 291 1758 4325 19211 132 12750 413 1818 497 434 454 186 354 488 112 2099 3783 2258 28516 270 1071 122 746 2492 1160 2340
internal_value=-0.00151534 -0.0288266 0.0768331 -0.00531702 0.000315016 -0.00196242 0.0587208 -0.0658238 -0.0674318 -0.0502933 0.0741031 0.0308102 -0.00476657 -0.00617293 0.0843225 -0.057852 0.0887268 0.0922196 0.171544 0.0841443 0.0705614 0.154493 -0.0035917 -0.0643454 -0.0305123 0.0350551 0.0877199 -0.00255042 -0.0260516 7.90737e-05
internal_weight=7297.21 5411 1886.21 3308.58 2988.23 2930.46 1529.49 2102.42 2071.65 865.594 986.051 543.439 2850.79 2810.1 798.48 320.355 755.64 714.497 47.3125 667.184 429.573 356.716 2683.41 304.897 107.073 29.6473 79.6689 2654.83 268.128 2386.7
internal_count=94279 75802 18477 43243 38772 38234 15930 32559 32093 12882 9787 6143 37197 36700 7703 4471 7249 6836 466 6370 4271 2547 34942 4285 1463 392 1037 34508 3652 30856
cat_boundaries=0 5 64 119 120 121 179 180 181 182 183 184 185
cat_threshold=0 0 524800 0 8388608 0 0 8388608 0 16777216 0 0 1 0 0 4096 0 0 2097152 0 268435456 0 1073807360 0 0 0 0 0 0 0 0 0 36864 0 0 1048576 16385 128 0 32768 0 268435457 0 262144 0 0 0 1 4194304 8388608 0 0 0 1024 1073741824 2147483648 262146 4096 2 0 0 0 0 42999808 0 0 8392704 0 0 2147483648 0 0 0 0 8388608 0 0 0 0 0 0 65536 0 0 1 4 0 0 0 0 0 0 0 128 256 4 0 0 0 262144 1 0 134217728 2148007936 0 0 0 4194304 0 0 0 0 64 0 0 0 0 0 1073741824 66 4 0 0 0 32 0 0 278528 0 0 0 2097152 67108864 0 0 0 0 16384 0 0 16777216 0 0 0 0 0 0 0 0 2147483648 16384 1073741830 0 0 0 67108864 32 0 0 0 524288 0 0 65536 0 64 0 0 1024 67108864 65536 0 0 1050624 0 0 0 0 8388608 30464 51380240 1 1 926760 1
is_linear=0
shrinkage=0.1


end of trees

feature_importances:
orgao_rate=18
orgao_rate_movel_90d=13
orgao_rate_movel_365d=13
dias_desde_primeiro_pedido_do_orgao=10
n_pedidos_previos=9
OrgaoDestinatario=8
reg_month=8
Municipio_sol=6
n_pedidos_previos_neste_orgao=5
n_orgaos_distintos_previos=5
OrigemSolicitacao=4
dias_desde_ultimo_pedido=4
Esfera=3
UF=2
Genero=2
reg_dow=2
idade=2
Municipio=1
FormaResposta=1
TipoDemandante=1
Profissao=1
UF_sol=1
prev_reenc_rate_solicitante=1

parameters:
[boosting: gbdt]
[objective: binary]
[metric: average_precision]
[tree_learner: serial]
[device_type: cpu]
[data_sample_strategy: bagging]
[data: ]
[valid: ]
[num_iterations: 600]
[learning_rate: 0.1]
[num_leaves: 31]
[num_threads: 6]
[seed: 42]
[deterministic: 0]
[force_col_wise: 0]
[force_row_wise: 0]
[histogram_pool_size: -1]
[max_depth: -1]
[min_data_in_leaf: 100]
[min_sum_hessian_in_leaf: 0.001]
[bagging_fraction: 0.8]
[pos_bagging_fraction: 1]
[neg_bagging_fraction: 1]
[bagging_freq: 1]
[bagging_seed: 400]
[bagging_by_query: 0]
[feature_fraction: 0.8]
[feature_fraction_bynode: 1]
[feature_fraction_seed: 30056]
[extra_trees: 0]
[extra_seed: 12879]
[early_stopping_round: 0]
[early_stopping_min_delta: 0]
[first_metric_only: 0]
[max_delta_step: 0]
[lambda_l1: 0]
[lambda_l2: 0]
[linear_lambda: 0]
[min_gain_to_split: 0]
[drop_rate: 0.1]
[max_drop: 50]
[skip_drop: 0.5]
[xgboost_dart_mode: 0]
[uniform_drop: 0]
[drop_seed: 17869]
[top_rate: 0.2]
[other_rate: 0.1]
[min_data_per_group: 100]
[max_cat_threshold: 32]
[cat_l2: 10]
[cat_smooth: 10]
[max_cat_to_onehot: 4]
[top_k: 20]
[monotone_constraints: ]
[monotone_constraints_method: basic]
[monotone_penalty: 0]
[feature_contri: ]
[forcedsplits_filename: ]
[refit_decay_rate: 0.9]
[cegb_tradeoff: 1]
[cegb_penalty_split: 0]
[cegb_penalty_feature_lazy: ]
[cegb_penalty_feature_coupled: ]
[path_smooth: 0]
[interaction_constraints: ]
[verbosity: -1]
[saved_feature_importance_type: 0]
[use_quantized_grad: 0]
[num_grad_quant_bins: 4]
[quant_train_renew_leaf: 0]
[stochastic_rounding: 1]
[linear_tree: 0]
[max_bin: 63]
[max_bin_by_feature: ]
[min_data_in_bin: 3]
[bin_construct_sample_cnt: 200000]
[data_random_seed: 175]
[is_enable_sparse: 1]
[enable_bundle: 1]
[use_missing: 1]
[zero_as_missing: 0]
[feature_pre_filter: 1]
[pre_partition: 0]
[two_round: 0]
[header: 0]
[label_column: ]
[weight_column: ]
[group_column: ]
[ignore_column: ]
[categorical_feature: 0,1,2,3,4,5,6,7,8,9,10,11,12,13]
[forcedbins_filename: ]
[precise_float_parser: 0]
[parser_config_file: ]
[objective_seed: 16083]
[num_class: 1]
[is_unbalance: 0]
[scale_pos_weight: 1]
[sigmoid: 1]
[boost_from_average: 1]
[reg_sqrt: 0]
[alpha: 0.9]
[fair_c: 1]
[poisson_max_delta_step: 0.7]
[tweedie_variance_power: 1.5]
[lambdarank_truncation_level: 30]
[lambdarank_norm: 1]
[label_gain: ]
[lambdarank_position_bias_regularization: 0]
[eval_at: ]
[multi_error_top_k: 1]
[auc_mu_weights: ]
[num_machines: 1]
[local_listen_port: 12400]
[time_out: 120]
[machine_list_filename: ]
[machines: ]
[gpu_platform_id: -1]
[gpu_device_id: -1]
[gpu_device_id_list: ]
[gpu_use_dp: 0]
[num_gpu: 1]

end of parameters

pandas_categorical:[]
