tree
version=v4
num_class=1
num_tree_per_iteration=1
label_index=0
max_feature_idx=21
objective=binary sigmoid:1
feature_names=Esfera UF Municipio OrgaoDestinatario FormaResposta OrigemSolicitacao reg_month reg_dow reg_day idade orgao_rate n_pedidos_previos prev_reenc_solicitante prev_reenc_rate_solicitante n_pedidos_previos_neste_orgao prev_reenc_neste_orgao n_orgaos_distintos_previos dias_desde_ultimo_pedido prev_reenc_rate_neste_orgao orgao_rate_movel_90d orgao_rate_movel_365d dias_desde_primeiro_pedido_do_orgao
feature_infos=-1:1:2:0 -1:25:10:21:24:22:13:3:17:20:19:11:18:5:6:14:0:9:16:15:1:23:7:4:8:2:12 -1:136:28:42:73:105:83:151:207:32:127:150:97:43:38:129:128:8:3:71:158:180:191:183:130:51:23:169:59:209:47:35:39:172:140:193:106:56:49:178:202:63:17:15:44:84:197:81:138:119:184:36:64:171:203:5:80:85:91:101:120:132:155:7:94:137:156:16:24:40:77:195:211:9:19:20:79:104:114:157:45:76:92:112:115:121:145:176:189:199:188:18:37:46:75:78:93:103:125:146:167:177:14:33:54:61:72:109:118:122:141:148:10:22:26:27:50:57:67:69:86:99:107:135:139:165:174:179:192:206 -1:230:21:265:278:14:29:50:223:292:263:293:93:159:253:175:222:306:377:62:57:269:367:266:262:19:155:176:16:277:272:18:279:280:7:301:32:58:72:137:15:34:20:237:260:496:258:225:271:39:179:10:167:255:257:63:256:267:12:288:281:78:304:135:307:139:434:11:473:28:66:450:474:481:480:13:242:91:376:189:442:449:456:482:261:33:89:194:44:460:143:466:447:475:468:488:472:228:467:203:458:486:264:213:371:509:191:500:465:489:202:276:97:453:457:437:463:188:17:483:153:448:495:204:291:201:478:490:84:361:476:360:1:195:6:46:47:224:36:161:300:4:73:508:71:212:461:207:243:485:464:64:311:503:504:505:446:494:220:491:67:197:498:445:138:484:493:152:477:182:205:65:192:470:471:142:149:75:196:199:469:492:506:190:479:451:235:166:171:499:336:35:94:185:459:30:338:487:454:165:186:497:345:501:206:270:296:502:31:43:209:210:170:198:443:187:183:200:218:282:363:52:74:102:119:133:275:439:8:381:368:211:462:297:404:140:340:358:184:214:452:178:208:348:181:343:346:151:193:342:215:227:25:337:104:129:382:51:172:85:216:217:335:375:117:148:125:126:339:27:80:136:365:60:110:118:303:389:430:455:444:370:510:108:113:347:355:356:373:173:390:424:98:418:103:121:221:112:120:268:284:69:101:116:287:48:100:127:131:134:141:160:421:42:68:111:164:2:45:109:123:130:352:364:379:132:378:49:92:128:251:290:429:40:145:388:394:38:114:122:162:366:426:99:107:115:150:239:241 -1:2:3:0 -1:2:1:4:7:6:3:0 [1:12] [0:6] [1:31] [10.699999809265137:103.59999847412109] [0.0077190357260406017:0.55293124914169312] [-1:805] [-1:85] [-1:1] [-1:325] [-1:22] [-1:199] [-1:357] [-1:1] [0.0027276279870420694:0.63117438554763794] [0.0037496073637157679:0.60471928119659424] [0:3882]
tree_sizes=3429 3903 3629 3637 3674 4129 3579 3647 3851 4240 3699 3805 3848 3894 4414 4191 3954 3956

Tree=0
num_leaves=31
num_cat=4
split_feature=10 10 10 10 0 10 20 19 10 10 5 20 11 6 11 11 10 14 3 10 21 0 19 21 14 20 11 21 10 14
split_gain=5258.12 1861.51 1621.89 210.909 200.91 195.763 129.492 199.647 105.219 86.376 71.3838 88.6116 69.8235 67.5622 63.9201 58.4483 57.4712 86.602 52.9012 52.8099 46.8741 46.4592 42.586 41.3621 40.1519 38.1815 34.6207 32.0874 43.5906 30.506
threshold=0.14145046472549441 0.077635511755943312 0.29358410835266119 0.096393343061208739 0 0.041530730202794082 0.12669155001640323 0.13366395980119708 0.21841647475957873 0.11374979838728906 1 0.055034961551427848 1.0000000180025095e-35 2.5000000000000004 1.5000000000000002 -1.0000000180025095e-35 0.38546864688396459 6.5000000000000009 2 0.057273160666227348 3795.5000000000005 3 0.19353416562080386 3528.5000000000005 2.5000000000000004 0.03263551369309426 -1.0000000180025095e-35 3614.5000000000005 0.24046088755130771 4.5000000000000009
decision_type=2 2 2 2 9 2 2 2 2 2 9 2 2 2 2 2 2 2 9 2 2 9 2 2 2 2 2 2 2 2
left_child=1 5 4 -3 -2 -1 7 13 14 -9 11 -7 -10 18 26 -11 -4 20 -5 -12 23 -15 -16 -18 -23 -21 -6 -14 -29 -27
right_child=2 3 16 6 8 10 -8 9 12 15 19 -13 27 21 22 -17 17 -19 -20 25 -22 24 -24 -25 -26 29 -28 28 -30 -31
leaf_value=-2.4719267762260855 -1.9177365330453948 -2.378345503595563 -1.9081164589120201 -2.4180332331959673 -2.1716030598132878 -2.0050618309839758 -2.3640321865863729 -2.3918117634253155 -2.0848541449466076 -2.1164703783405758 -2.4480577593862609 -2.4181015040221272 -2.0878842169219958 -2.0989233097258841 -2.2417656231873115 -2.2316527830649302 -1.8646300640183548 -2.0576213499516012 -2.3176350460440176 -2.2154005233061991 -1.8766794309404564 -2.3021927543788552 -2.395132711914115 -1.6480532390821345 -2.4066528446348676 -2.4079646646703394 -2.2366144738644915 -2.3659193049741289 -2.1601218346287667 -2.4713150173062384
leaf_weight=2421.2503374963999 24.356321655213833 1007.9651082456112 36.959751591086388 112.03907961398363 114.97730254381895 10.051815286278726 435.78485348820686 24.82025159150362 93.945812098681927 65.414121016860008 816.13007958978415 10.747710190713404 12.603429935872553 10.670388534665108 35.490640126168728 134.9262898042798 10.670388534665106 8.7373471334576589 82.579528659582138 9.7425286620855314 16.237547770142555 521.68921335786581 36.959751591086388 50.800328023731709 39.588687896728516 731.92679615318775 284.8529808819294 22.113993629813194 19.253092356026173 84.821856684982777
leaf_count=31314 315 13036 478 1449 1487 130 5636 321 1215 846 10555 139 163 138 459 1745 138 113 1068 126 210 6747 478 657 512 9466 3684 286 249 1097
internal_value=-2.38337 -2.41252 -2.13588 -2.34332 -2.19946 -2.45378 -2.3186 -2.29863 -2.21053 -2.21584 -2.42737 -2.27201 -2.13693 -2.32295 -2.23358 -2.19404 -1.80375 -1.75913 -2.37384 -2.42973 -1.72556 -2.30563 -2.32 -1.68565 -2.30956 -2.4122 -2.21792 -2.22758 -2.27014 -2.41454
internal_weight=7288.11 6520.15 767.959 2435.48 644.553 4084.67 1427.51 991.728 620.197 225.161 1663.42 20.7995 147.916 766.567 472.281 200.34 123.405 86.4456 194.619 1642.62 77.7083 571.948 72.4504 61.4707 561.278 826.491 399.83 53.9705 41.3671 816.749
internal_count=94257 84325 9932 31498 8336 52827 18462 12826 8021 2912 21513 269 1913 9914 6108 2591 1596 1118 2517 21244 1005 7397 937 795 7259 10689 5171 698 535 10563
cat_boundaries=0 1 2 13 14
cat_threshold=4 194 0 33554432 1073741824 0 32 0 0 2147483712 25165824 0 262144 4
is_linear=0
shrinkage=1


Tree=1
num_leaves=31
num_cat=10
split_feature=3 3 20 3 3 2 11 0 3 3 3 19 5 20 20 6 11 20 20 21 6 14 6 21 11 20 21 9 11 21
split_gain=3616.12 705.867 395.244 214.709 188.23 159.001 138.112 103.703 83.5149 80.7223 76.5814 73.2409 54.1552 72.3844 52.0971 114.958 50.3852 38.4522 37.9097 36.2006 31.5417 30.2487 29.8175 28.8679 29.8724 27.4985 26.4217 29.0348 26.2823 26.1348
threshold=0 1 0.049464801326394088 2 3 4 -1.0000000180025095e-35 5 6 7 8 0.15183437615633014 9 0.037231564521789558 0.13611589372158053 6.5000000000000009 1.0000000180025095e-35 0.11602056026458742 0.082077622413635268 3765.5000000000005 10.500000000000002 12.500000000000002 6.5000000000000009 3621.5000000000005 5.5000000000000009 0.03263551369309426 3614.5000000000005 32.149999618530281 -1.0000000180025095e-35 3570.5000000000005
decision_type=9 9 2 9 9 9 2 9 9 9 9 2 9 2 2 2 2 2 2 2 2 2 2 2 2 2 2 8 2 2
left_child=1 -1 8 7 21 17 11 16 25 18 -11 22 13 -10 15 29 28 -6 -7 20 -17 -4 -5 -12 -25 -2 -18 -28 -3 -8
right_child=2 3 4 6 5 9 14 -9 12 10 23 -13 -14 -15 -16 19 26 -19 -20 -21 -22 -23 -24 24 -26 -27 27 -29 -30 -31
leaf_value=0.29597090593900094 0.12550885015964119 0.18247332241818656 0.032168878520112659 0.11401448163393693 0.14895443591497959 0.051174438486597355 -0.015038569980860773 0.37057406552916911 -0.082717685193484755 -0.0059104818536521182 -0.06560394199666375 0.054302808186826271 -0.079416529440403227 0.27524981576414387 0.0055356912503481924 0.12170813051327356 0.15133920068598719 0.39667240618207267 -0.01623533082560524 0.039524171620445241 0.3137423230869647 -0.07818970410217406 0.18796652962517069 -0.021988282246258414 -0.073897603975728018 -0.0073159827773365861 0.18496157132347291 0.036267698218437831 0.13355739859406787 0.043884464353864644
leaf_weight=186.9577599465847 23.782861866056919 157.05947142094374 634.18805389851332 101.39588449150324 18.047627367079262 128.33235095441341 128.0225061699748 18.985943242907524 11.539496272802355 421.77456333488226 963.82220749557018 111.70903085917234 2224.157189540565 11.065709732472895 249.35136799514294 189.00733171403408 40.706336118280888 9.599057622253893 238.41770454496145 56.304076962172985 8.9585888013243657 25.849094748497009 117.93973968923092 388.80753174424171 155.07898134738207 45.226890072226524 15.25756576657295 94.26510052382946 365.35292065143585 182.69589170068502
leaf_count=1558 291 1680 7971 1245 202 1643 1620 178 158 5475 13154 1411 30801 107 3139 2192 446 92 3051 702 105 337 1300 5176 2104 597 186 1136 4070 2226
internal_value=-5.59176e-05 0.113322 -0.0434871 0.0932314 -0.019511 -0.0328205 0.0651799 0.138096 -0.0745685 -0.0360307 -0.0442343 0.120212 -0.0776944 0.0641405 0.0436088 0.0604119 0.133587 0.172551 0.00715739 0.110276 0.130398 0.0274313 0.15378 -0.0548456 -0.0367892 0.0335918 0.0825493 0.0569822 0.148264 0.0196069
internal_weight=7323.66 2023.97 5299.69 1837.01 2983.92 2323.88 1145.38 691.627 2315.77 2296.23 1929.48 331.045 2246.76 22.6052 814.34 564.988 672.641 27.6467 366.75 254.27 197.966 660.037 219.336 1507.71 543.887 69.0098 150.229 109.523 522.412 310.718
internal_count=94353 23194 71159 21636 39205 30897 13940 7696 31954 30603 25909 3956 31066 265 9984 6845 7518 294 4694 2999 2297 8308 2545 20434 7280 888 1768 1322 5750 3846
cat_boundaries=0 14 26 40 54 57 58 70 84 96 97
cat_threshold=536870912 266368 256 0 134217728 262274 2147483648 32832 17825857 12 33619968 1678098432 1049600 262180 0 4096 0 0 0 128 0 0 0 8 0 32768 0 262144 256 0 134217728 0 2147483648 0 1048640 0 0 1677787136 0 262148 0 33554433 512 33685696 12584992 0 536870912 2147485696 76027412 0 402915328 134217800 16 16640 0 0 524800 2 167940096 524288 18437 2097408 1026 0 3072 2147483648 81920 8224 4718592 2097664 2048 268435456 1073741952 12632080 51388544 69633 0 524296 2147483810 32768 0 526337 64 1024 1048704 2147484736 0 134545408 256 0 8388624 537001984 0 32 131072 8192 66
is_linear=0
shrinkage=0.1


Tree=2
num_leaves=31
num_cat=4
split_feature=10 10 10 10 10 5 19 11 21 19 10 10 17 3 19 11 21 7 17 21 6 8 6 3 9 3 8 21 19 19
split_gain=3106.17 654.544 488.417 132.97 82.1739 65.9 50.6646 50.1829 47.4968 67.7729 48.8498 42.302 38.8131 35.6303 35.5749 34.8295 32.8858 31.7573 28.9217 31.1354 53.1612 30.5526 27.6422 27.3478 26.9318 24.8296 25.3468 23.5197 21.3861 19.9586
threshold=0.091830749064683928 0.21841647475957873 0.061565008014440543 0.14145046472549441 0.29358410835266119 0 0.22076819092035296 3.5000000000000004 3772.5000000000005 0.13366395980119708 0.12941540032625201 0.041530730202794082 1.0000000180025095e-35 1 0.04938777536153794 1.0000000180025095e-35 792.50000000000011 4.5000000000000009 1.5000000000000002 3585.5000000000005 8.5000000000000018 16.500000000000004 4.5000000000000009 2 51.649999618530281 3 19.500000000000004 3034.5000000000005 0.13963503390550616 0.11290118843317033
decision_type=2 2 2 2 2 9 2 2 2 2 2 2 2 9 2 2 2 2 2 2 2 2 2 9 10 9 2 2 2 2
left_child=2 3 5 8 12 -1 24 23 9 16 22 -7 27 14 -9 -8 -2 -10 19 20 25 -22 -11 -4 -5 -18 -27 -3 -12 -19
right_child=1 4 7 6 -6 11 15 13 17 10 28 -13 -14 -15 -16 -17 18 29 -20 -21 21 -23 -24 -25 -26 26 -28 -29 -30 -31
leaf_value=0.11106003920089361 0.10872931366494019 0.28519279794023789 0.0097784976764866936 0.11715424693623513 0.23474231640582835 -0.084463208234976633 0.078550634062058949 0.23458116684114816 0.009818915209945725 0.11482372283756417 0.15637211544826757 -0.058159517366906749 0.04627855773533826 -0.0535749063027679 0.004457331627456174 -0.033764892298238161 -0.018448837375091977 0.22636712404480078 -0.020126462585235674 0.060190414175780249 0.29560885750013238 0.044039216451924379 -0.0054946451746656112 -0.024859623042853777 0.27284203553609576 0.0089432614988570799 0.10590530041536138 0.1555958652669075 0.095636929848547506 0.063181837302426561
leaf_weight=12.117669492959974 67.436510190367699 15.312508530914782 981.77500021457672 397.35492667555809 234.39235302805901 2101.6727405190468 179.8506126999855 7.8437661528587332 398.05766310542822 27.171329066157341 85.02339830249548 862.23970737308264 31.482999823987484 295.8433493822813 46.793062061071396 32.617436543107033 162.34830448031425 9.8044353350996953 82.320288814604282 415.40507983416319 10.328944087028505 9.0640002936124784 64.236073017120361 286.04944805055857 11.430692471563814 76.407145299017429 41.659437589347363 163.83772979676723 182.25070649385452 31.817699521780014
leaf_count=152 783 114 12754 4043 1593 31226 1801 99 4922 338 842 12316 328 4001 630 385 2058 117 999 4852 117 107 794 3818 120 915 500 1521 1822 396
internal_value=-0.00143247 0.0830567 -0.0516296 0.061444 0.194007 -0.075673 0.10092 -0.00741428 0.0466999 0.0568293 0.0933757 -0.0765528 0.148678 -0.0409066 0.0316936 0.0613083 0.0416744 0.0185094 0.0360045 0.0424651 0.0179053 0.178029 0.0302706 0.00184441 0.121508 0.00683151 0.0397862 0.166673 0.114958 0.101621
internal_weight=7323.95 2729.61 4594.33 2284.58 445.026 2976.03 621.254 1618.3 1663.33 1223.65 358.682 2963.91 210.633 350.48 54.6368 212.468 864.97 439.68 797.533 715.213 299.808 19.3929 91.4074 1267.82 408.786 280.415 118.067 179.15 267.274 41.6221
internal_count=94463 29467 64996 25911 3556 43694 6349 21302 19562 14127 3796 43542 1963 4730 729 2186 10331 5435 9548 8549 3697 224 1132 16572 4163 3473 1415 1635 2664 513
cat_boundaries=0 1 11 25 34
cat_threshold=192 128 2147484672 4 1612726272 128 75776 8390656 524288 0 40960 1048576 1 16544 134283280 1048710 10555392 16 537526280 4244096 32800 8388608 16 64 67108864 0 33554560 1073741824 163840 16777248 0 0 2147483712 25165828
is_linear=0
shrinkage=0.1


Tree=3
num_leaves=31
num_cat=4
split_feature=10 10 10 10 5 20 6 10 19 10 14 3 10 14 11 20 7 6 3 6 16 6 20 17 17 14 16 3 11 17
split_gain=2462.59 437.089 415.207 109.024 73.5573 49.9138 83.2653 48.1821 47.8321 44.1964 40.5459 38.069 35.0077 34.0295 23.9252 22.8609 22.3033 20.5735 20.532 20.4685 25.78 19.8427 19.522 18.6783 18.0968 30.2817 17.8996 21.2623 32.7275 42.1545
threshold=0.096393343061208739 0.057273160666227348 0.21841647475957873 0.14145046472549441 0 0.12669155001640323 4.5000000000000009 0.11374979838728906 0.15183437615633014 0.38546864688396459 2.5000000000000004 1 0.038248021155595786 1.5000000000000002 -1.0000000180025095e-35 0.099471282213926329 5.5000000000000009 8.5000000000000018 2 8.5000000000000018 1.5000000000000002 4.5000000000000009 0.088133867830038085 1.0000000180025095e-35 1.0000000180025095e-35 1.0000000180025095e-35 2.5000000000000004 3 54.500000000000007 1.0000000180025095e-35
decision_type=2 2 2 2 9 2 2 2 2 2 2 9 2 2 2 2 2 2 9 2 2 2 2 2 2 2 2 9 2 2
left_child=1 4 3 5 -1 6 18 15 17 24 11 -3 -6 -10 -9 -8 21 -5 -2 23 22 -7 -21 -16 -4 -26 -12 28 29 -28
right_child=2 10 9 8 12 16 7 14 13 -11 26 -13 -14 -15 19 -17 -18 -19 -20 20 -22 -23 -24 -25 25 -27 27 -29 -30 -31
leaf_value=0.14646288509603542 -0.030798518545794268 0.0086374666852486303 0.14106816484938847 0.11902626699996005 -0.08217773400324177 0.080486460193633327 0.068797378608692616 0.12077537977252135 0.079149556782569033 0.19190441219029686 -0.091111827729666306 -0.022345912603764045 -0.057399281982084098 -0.028273521180510987 0.070310849919864568 0.0023753688707269659 0.12068292371095378 0.21483620753354415 0.025701714206178474 0.20307766787829595 0.25141757743689841 0.0015409852810079163 0.058684693771139967 -0.021188874856833892 0.16573244837809897 0.0078007449061891464 0.27679906639704294 -0.050621496546690542 -0.075493982775800023 -0.033054584989453031
leaf_weight=7.4109162017703056 69.553628228604794 937.06337507814169 269.68218769878149 134.37517787516117 1834.7836325243115 34.499966345727444 91.898329496383667 156.20309694856405 483.57673202455044 188.67920166254044 75.300045013427734 673.42214212566614 827.2683234885335 31.404080852866173 271.21420099586248 118.80343889445066 18.159825280308723 26.898818545043468 377.76073979586363 12.316874168813227 12.903426319360731 412.64179682731628 39.047396339476109 24.309630393981934 21.212965205311775 28.387320391833782 9.8373783677816444 85.326645657420158 11.955201067030428 7.9300397187471381
leaf_count=74 851 12068 2062 1224 29309 392 1057 1413 4579 1079 1064 9109 12570 355 2759 1401 211 234 4445 120 132 5036 391 264 184 265 127 1236 160 108
internal_value=-0.00145355 -0.0476327 0.0716587 0.053698 -0.0733155 0.0397614 0.0507467 0.0716409 0.0874818 0.153533 -0.00956193 -0.00440331 -0.0741988 0.0725988 0.0880951 0.0313456 0.0120443 0.135006 0.0168025 0.073907 0.125054 0.00763215 0.0933093 0.0627841 0.130858 0.0753447 -0.0532074 -0.0283989 0.0392297 0.138504
internal_weight=7293.83 4470.3 2823.53 2315.57 2669.46 1639.31 1174.01 726.696 676.255 507.962 1800.83 1610.49 2662.05 514.981 515.995 210.702 465.302 161.274 447.314 359.792 64.2677 447.142 51.3643 295.524 319.282 49.6003 190.349 115.049 29.7226 17.7674
internal_count=94279 65825 28454 24864 41953 18472 12833 7537 6392 3590 23872 21177 41879 4934 5079 2458 5639 1458 5296 3666 643 5428 511 3023 2511 449 2695 1631 395 235
cat_boundaries=0 1 14 27 37
cat_threshold=64 1048576 64 2176 6307856 42991744 8458240 0 524296 4211378 32 0 8388608 64 2048 33554432 0 0 16777248 0 0 2147483648 16777216 0 327680 0 1048576 128 2147483648 16384 0 0 65536 2048 0 512 8192
is_linear=0
shrinkage=0.1


Tree=4
num_leaves=31
num_cat=7
split_feature=10 10 10 5 3 10 0 11 3 17 11 17 10 11 3 19 17 3 20 21 20 16 11 0 11 21 6 11 8 9
split_gain=2036.88 360.817 220.424 85.6289 84.7398 67.7039 52.4351 40.9156 43.6401 34.8548 34.1727 26.8824 26.2423 23.8313 25.1002 20.6573 19.3126 19.8026 32.6169 38.8386 18.6484 16.4151 24.3624 16.5967 18.6006 18.0379 16.212 15.9568 15.4597 15.5103
threshold=0.082507904618978514 0.19264934211969378 0.054786497727036483 0 1 0.29358410835266119 2 -1.0000000180025095e-35 3 5.5000000000000009 -1.0000000180025095e-35 1.0000000180025095e-35 0.02436491567641497 5.5000000000000009 4 0.1801908686757088 1.5000000000000002 5 0.12669155001640323 3585.5000000000005 0.063255894929170622 28.500000000000004 25.500000000000004 6 1.0000000180025095e-35 3772.5000000000005 7.5000000000000009 35.500000000000007 4.5000000000000009 50.649999618530281
decision_type=2 2 2 9 9 2 9 2 9 2 2 2 2 2 9 2 2 9 2 2 2 2 2 9 2 2 2 2 2 10
left_child=2 4 3 -1 11 9 7 8 -6 21 -8 -2 -5 14 20 -10 17 26 19 -19 -4 22 23 -3 25 -25 27 28 -9 -30
right_child=1 5 13 12 6 -7 10 16 15 -11 -12 -13 -14 -15 -16 -17 -18 18 -20 -21 -22 -23 -24 24 -26 -27 -28 -29 29 -31
leaf_value=0.1545628434394877 0.012447283647844302 0.18739473554664152 0.04233010645302563 -0.09022950667150309 -0.015231599647073286 0.14550710323899826 0.0058569161710289924 0.11900443902293299 0.089150038908956744 0.0084301366355856704 0.14293501749889301 -0.038586191663691406 -0.066848670904078394 -0.046169867400025238 -0.036021061803889372 0.039350104860710181 -0.0026528542356778068 -0.0015938258659217615 -0.002623090282078929 0.055436439084462608 -0.0069612913445112239 -0.010870931896114263 0.22385551812707055 0.11116247191473888 0.041118525966982615 0.068662747295231266 0.082835066632857002 -0.05843446039164199 0.030992056229397658 0.15907489060767357
leaf_weight=8.6674836724996567 612.04929184913635 18.197972163558006 89.300694070756435 658.54429556056857 64.179348737001419 291.41424113512039 23.357388138771057 26.292563624680042 328.66840805858374 51.628866903483868 82.144641414284706 124.15697856992483 1771.050226572901 247.99890591949224 270.86628384888172 111.56948973983526 149.46815031766891 166.23912727832794 269.35146231949329 423.93460171669722 546.28615316748619 14.485815629363058 14.728560693562029 309.98401825875044 67.178483538329601 147.32893379032612 141.95657411962748 15.349945321679114 188.73672997951508 9.9530716612935048
leaf_count=77 7541 101 1202 11298 727 1567 227 266 3111 508 786 1587 29537 3708 3882 1203 1711 2053 3294 4290 7282 138 134 2503 611 1219 1381 182 1882 108
internal_value=-0.00123786 0.0513501 -0.0546988 -0.0717426 0.0331788 0.105716 0.0437531 0.0401531 0.0645521 0.0871196 0.112587 0.00378931 -0.0728861 -0.0187015 -0.0111863 0.0748295 0.0313071 0.0353946 0.0259106 0.0393723 -3.5238e-05 0.0942233 0.0969545 0.0935104 0.0902529 0.0974707 0.0546117 0.0402134 0.0469439 0.0374082
internal_weight=7245.07 3652.35 3592.71 2438.26 2737.41 914.947 2001.2 1895.7 504.417 623.533 105.502 736.206 2429.59 1154.45 906.453 440.238 1391.28 1241.81 859.525 590.174 635.587 571.904 557.418 542.689 524.491 457.313 382.289 240.332 224.982 198.69
internal_count=94116 37130 56986 40912 30349 6781 21221 20208 5041 5214 1013 9128 40835 16074 12366 4314 15167 13456 9637 6343 8484 4706 4568 4434 4333 3722 3819 2438 2256 1990
cat_boundaries=0 1 15 16 25 39 48 49
cat_threshold=64 0 73 0 37896256 51380352 8720384 2048 2148007944 528916 32800 268435456 524288 64 288 2 0 33554432 512 0 2080 0 0 0 25166882 1048576 2415919104 2080 73780 334 2049 16 537001984 37808256 0 4194304 8388624 32 67108864 0 33554432 0 0 2048 2 2147483648 0 16778241 4
is_linear=0
shrinkage=0.1


Tree=5
num_leaves=31
num_cat=11
split_feature=3 20 3 3 3 11 3 5 3 2 3 3 20 21 14 14 6 20 19 20 19 11 20 14 18 20 6 20 8 3
split_gain=1339.34 270.064 141.428 91.3781 90.8625 53.9356 51.8508 45.831 43.7716 43.4008 49.7445 39.1027 32.6723 28.9529 26.4266 25.9035 19.8397 20.8828 19.1783 18.6167 16.8443 17.9472 16.4486 18.074 15.8358 15.3813 24.7985 14.6809 13.1764 13.0694
threshold=0 0.051836078986525543 1 2 3 -1.0000000180025095e-35 4 5 6 7 8 9 0.037231564521789558 3550.5000000000005 2.5000000000000004 1.5000000000000002 2.5000000000000004 0.13611589372158053 0.10032168775796892 0.23093895614147189 0.19353416562080386 1.5000000000000002 0.018535885028541092 23.500000000000004 -1.0000000180025095e-35 0.072538264095783248 5.5000000000000009 0.12669155001640323 8.5000000000000018 10
decision_type=9 2 9 9 9 2 9 9 9 9 9 9 2 2 2 2 2 2 2 2 2 2 2 2 2 2 2 2 2 9
left_child=2 4 -1 -3 -2 19 16 12 25 -10 14 15 -6 -8 -11 -12 -7 18 -18 27 24 -22 -9 29 -15 26 -5 -4 -21 -24
right_child=1 3 5 8 7 6 13 22 9 10 11 -13 -14 20 -16 -17 17 -19 -20 28 21 -23 23 -25 -26 -27 -28 -29 -30 -31
leaf_value=0.11080298675553715 0.037123295991487802 -0.05891162862102374 0.080320627709152256 0.02882987153082818 -0.054442132894810195 -0.022952799390144614 0.10854874103273399 -0.087289703078057224 0.078624519133903781 0.0093551535877582116 0.0010305779252735413 -0.045926053052505932 0.18875289099737813 0.061330273454513466 -0.046623345325137427 -0.058840154554206714 0.011370227111363956 -0.00053515960097598372 0.051946836793079487 0.033994637582978403 0.04716596421604774 -0.0079651124254698415 -0.010871408813615474 -0.10440945478702279 0.14419799440400374 0.018504946121554781 0.21582182597810179 0.048059427059503779 0.14178351864433963 -0.063448037150655529
leaf_weight=406.58038564026356 85.124718576669693 380.72697675973177 284.33422390371561 21.344279848039154 9.4198192507028597 102.80307417362928 93.604447618126869 410.09052107483149 41.379461780190468 777.07572338357568 451.4022085852921 602.86351637169719 13.357925735414026 149.41808789223433 94.599872775375843 86.039255604147911 193.32802580296993 234.05984097719193 293.04471481591463 14.316023424267767 316.87384873628616 72.571028105914593 68.746253706514835 104.73527088388801 27.269055344164371 350.93316210061312 10.621408633887766 279.92609802633524 54.571907624602318 1205.1329606585205
leaf_count=2269 1185 6530 2349 233 156 1310 652 7608 318 9622 6083 9459 110 1242 1272 1324 2073 2878 2726 106 2664 758 817 1876 231 3864 110 2672 398 21466
internal_value=-0.00212457 -0.0335778 0.0565537 -0.0140085 -0.0628206 0.0456585 0.0354426 -0.0673503 -0.00672181 -0.0125257 -0.0147799 -0.0284653 0.0612767 0.0561777 0.0032428 -0.0083979 0.0179254 0.0240073 0.0358181 0.0703075 0.048511 0.0368926 -0.0693198 -0.0644772 0.0741197 0.023929 0.0909627 0.064316 0.119383 -0.0611941
internal_weight=7236.29 4713.59 2522.7 2816.99 1896.61 2116.12 1482.97 1811.48 2436.26 2053.36 2011.98 1140.3 22.7777 659.736 871.676 537.441 823.236 720.433 486.373 633.148 566.132 389.445 1788.71 1378.61 176.687 382.899 31.9657 564.26 68.8879 1273.88
internal_count=94361 72033 22328 38815 33218 20059 14534 32033 32285 28078 27760 16866 266 5547 10894 7407 8987 7677 4799 5525 4895 3422 31767 24159 1473 4207 343 5021 504 22283
cat_boundaries=0 14 26 42 57 69 70 84 87 103 119 133
cat_threshold=536870912 266240 256 0 134217728 262274 2684354560 2147516480 1048640 12 33554432 1812316168 1024 278532 0 0 0 0 134217728 128 0 0 0 8 0 1073774592 3044352 1073741826 570425344 0 2147484160 2148040704 1073744896 0 2179072 327697 0 33554432 0 2097152 258 65536 167936064 33554432 5 10486048 66 8916992 2048 0 6373376 8224 4194304 2097152 1048576 67108864 256 536870912 0 0 0 0 262144 0 2147483712 0 0 33554432 134545408 66 0 200 0 12714176 20981792 65536 0 0 84415525 0 268500992 2113 16 1312 0 0 524800 2048 301990912 512 33931280 33554432 1 8388608 524288 2155905682 32800 134610944 8396800 64 0 131072 1073741824 132 1 16512 2097152 1179776 2048 0 537133065 4194304 0 8912896 528400 0 8388608 640 268437504 0 65536 0 0 16384 0 8389632 0 16785536 512 131072 4608 0 8388608
is_linear=0
shrinkage=0.1


Tree=6
num_leaves=31
num_cat=5
split_feature=10 10 10 10 5 10 0 14 20 6 3 9 14 14 9 9 3 8 21 20 3 21 13 10 7 19 13 12 10 9
split_gain=1392.61 335.21 79.8892 64.6755 62.7743 61.4985 33.8576 31.6917 28.3165 41.9705 30.7912 21.439 20.8288 18.2958 17.2431 15.9466 30.7529 30.6105 28.0782 20.8518 15.528 14.3411 14.3399 14.1354 18.3052 13.8847 15.1555 14.6583 13.8256 13.7449
threshold=0.067668609321117415 0.14145046472549441 0.041530730202794082 0.38546864688396459 0 0.096393343061208739 1 2.5000000000000004 0.12669155001640323 6.5000000000000009 2 63.45000076293946 2.5000000000000004 2.5000000000000004 32.149999618530281 50.649999618530281 3 22.500000000000004 3557.5000000000005 0.07255504280328752 4 792.50000000000011 0.050252525135874755 0.21841647475957873 1.5000000000000002 0.22076819092035296 0.056127270683646209 -1.0000000180025095e-35 0.02436491567641497 56.850000381469734
decision_type=2 2 2 2 9 2 9 2 2 2 9 10 2 2 8 10 9 2 2 2 9 2 2 2 2 2 2 2 2 10
left_child=2 5 28 6 -4 7 -3 29 9 12 -11 13 15 23 -15 16 18 -18 -7 -19 -9 -12 -20 25 -25 26 27 -8 -1 -2
right_child=1 3 4 -5 -6 8 11 20 -10 10 21 -13 -14 14 -16 -17 17 19 22 -21 -22 -23 -24 24 -26 -27 -28 -29 -30 -31
leaf_value=-0.087603286158306981 0.0014198613381203454 0.13133333759712473 0.16048454385646704 0.11901054118394785 -0.040416040939673298 -0.047183264356908769 0.08714596456200982 0.060401678298689213 0.005013118333165938 -0.003153170198281863 0.14765854363015515 0.17582903568402827 -0.062618777909164078 0.10773231187224608 -0.021036828296491318 0.073879956828515558 0.021224207785196 0.13774450368720645 0.0096358242023132576 0.019807909309036191 -0.052207428264243752 0.058920400601697669 0.1330868462267098 0.046717102633257693 0.09548225890830507 0.03235969346099004 0.13931322402532909 0.046222363198183174 -0.068227226292654819 0.066800385267661369
leaf_weight=571.12525184452534 1329.2352138496935 65.998412057757378 6.5421008691191673 236.47314684092999 866.61747079342604 104.54164952784777 120.40675510466099 6.9517652839422226 482.21399591863155 94.860894083976746 18.887165658175945 15.136983551084993 31.971898443996906 12.986035145819185 52.200185984373093 50.744706638157368 168.23807633668184 47.166843071579933 244.07752922922373 21.976541191339493 137.69497069343925 509.63897638767958 9.7865961194038373 125.81467490643263 198.29886355251074 249.7838589400053 23.805530622601509 320.51058533042669 1036.7584984414279 32.951924812048674
leaf_count=11333 17290 365 40 1101 14649 1264 882 84 5590 1072 157 111 409 97 466 564 1803 492 2521 229 2150 4314 102 825 1282 2084 194 2613 19903 430
internal_value=-0.00124744 0.0306787 -0.0618862 0.0712612 -0.0375357 0.0131504 0.0617321 -0.00172436 0.0257134 0.0333807 0.0521126 0.0576269 0.0161705 0.0560059 0.00461584 0.0200667 0.0154833 0.0424567 -0.00346971 0.10026 -0.0462289 0.0609385 0.0143949 0.0592313 0.0765526 0.051374 0.061594 0.0573979 -0.0751097 0.00300145
internal_weight=7193.4 4712.35 2481.04 1421.42 873.16 3290.94 1184.94 1506.83 1784.1 1301.89 623.387 1118.94 678.504 1103.81 65.1862 646.532 595.787 237.381 358.406 69.1434 144.647 528.526 253.864 1038.62 324.114 714.507 464.723 440.917 1607.88 1362.19
internal_count=94416 48491 45925 10020 14689 38471 8919 19954 18517 12927 5543 8554 7384 8443 563 6975 6411 2524 3887 721 2234 4471 2623 7880 2107 5773 3689 3495 31236 17720
cat_boundaries=0 1 2 14 27 37
cat_threshold=64 4 0 0 1073742336 0 16779264 0 0 0 8913924 0 134217728 526400 2048 0 1073741824 33685504 16785440 0 0 2147485760 16778240 0 327680 64 1048576 0 0 0 0 0 0 2048 0 0 8192
is_linear=0
shrinkage=0.1


Tree=7
num_leaves=31
num_cat=4
split_feature=10 10 10 5 10 10 17 17 14 11 3 21 14 3 19 11 21 14 6 19 17 3 14 19 10 14 19 21 7 19
split_gain=1126.09 252.632 68.4851 60.2967 44.3862 43.0041 31.8353 22.3607 25.6401 22.0584 29.6354 27.661 19.7192 26.2602 18.3531 54.0622 16.7021 16.6185 16.08 16.4713 19.9302 18.9488 13.88 13.4408 13.256 13.685 12.341 13.0941 16.7548 12.0387
threshold=0.064565557986497893 0.14145046472549441 0.096393343061208739 0 0.29358410835266119 0.041530730202794082 3.5000000000000004 6.5000000000000009 1.0000000180025095e-35 -1.0000000180025095e-35 1 792.50000000000011 11.500000000000002 2 0.028124080039560798 1.5000000000000002 3597.5000000000005 1.0000000180025095e-35 2.5000000000000004 0.15183437615633014 1.5000000000000002 3 1.0000000180025095e-35 0.053416147828102119 0.02436491567641497 5.5000000000000009 0.15183437615633014 3543.5000000000005 5.5000000000000009 0.060463631525635726
decision_type=2 2 2 9 2 2 2 2 2 2 9 2 2 9 2 2 2 2 2 2 2 9 2 2 2 2 2 2 2 2
left_child=3 2 6 -1 7 24 12 16 -9 10 -4 -11 13 23 15 -7 22 -8 -13 20 21 29 -3 -2 -5 -26 27 -12 -29 -20
right_child=1 4 9 5 -6 14 17 8 -10 11 26 18 -14 -15 -16 -17 -18 -19 19 -21 -22 -23 -24 -25 25 -27 -28 28 -30 -31
leaf_value=0.12348969857646486 0.058095945563274166 0.065978942098586429 -0.024038376245741844 -0.084764273665681886 0.090828425400809099 -0.07302146071782567 -0.0084875563051736939 0.068910511185490575 -0.046632178824178222 0.078927061253396033 0.0023068101072882411 -0.017588181828558435 -0.070317295590965487 -0.027129405233248673 -0.045042992195035131 0.28341416200280667 0.045596530978387825 -0.063460900375962401 0.10240719132239871 -0.0059517708845412097 -0.018163689913942915 0.036503756302832167 0.13454934604371521 0.0065801612040801401 -0.060428649131389844 -0.09579178361508453 0.022630962044271299 0.060818636886318569 0.175575656579046 -0.015896949925184804
leaf_weight=9.8503842726349831 53.212231680750847 270.67227467149496 62.208480395376682 524.97227421402931 344.75840592384338 11.753565203398468 95.612803719937801 31.734818786382675 48.647101104259491 66.324925132095814 36.337944701313972 154.02561827749014 38.267630398273468 235.96234365180135 725.64997519925237 6.6702337041497222 737.53038270026445 129.43153628706932 9.288458935916422 242.34857729077339 99.980413615703583 600.75466074049473 33.133490711450577 1050.0838414132595 841.51843747869134 125.79001348093152 127.4000424221158 293.88452262431383 13.298420578241346 116.31918265670538
leaf_count=72 702 1841 682 11285 1592 200 1287 269 465 599 365 1935 652 3251 12883 119 5555 1868 92 2910 1132 5699 246 13718 17131 2619 1377 2366 108 1291
internal_value=-0.00220084 0.0247165 0.00984488 -0.0608147 0.0594471 -0.0619019 -0.00523404 0.0498021 -0.00101587 0.0231065 0.0402149 0.0160308 0.000462748 0.0024852 -0.0425405 0.0560241 0.0537248 -0.0401048 0.012619 0.0169726 0.0236959 0.0294576 0.0734573 0.00898336 -0.0719706 -0.0650273 0.0481899 0.0590717 0.0657866 -0.00662142
internal_weight=7137.42 4891.22 3424.74 2246.2 1466.48 2236.35 1602.57 1121.72 80.3819 1822.17 533.129 1289.04 1377.53 1339.26 744.074 18.4238 1041.34 225.044 1222.72 1068.69 826.343 726.362 303.806 1103.3 1492.28 967.308 470.921 343.521 307.183 125.608
internal_count=94311 50002 40034 44309 9968 44237 21478 8376 734 18556 4898 13658 18323 17671 13202 319 7642 3155 13059 11124 8214 7082 2087 14420 31035 19750 4216 2839 2474 1383
cat_boundaries=0 1 13 29 32
cat_threshold=64 0 33554432 0 0 2080 0 0 0 67634180 0 268435456 64 1179648 2147483713 0 1086652420 41943168 8454144 0 536870912 37759634 32 4194304 8388624 64 0 0 1073741824 536870912 128 512
is_linear=0
shrinkage=0.1


Tree=8
num_leaves=31
num_cat=10
split_feature=10 10 10 10 5 3 3 17 0 11 3 3 19 20 11 10 3 3 6 17 10 10 3 16 17 6 20 3 6 10
split_gain=965.951 176.172 76.0612 71.6231 39.2448 27.1865 22.6496 22.6097 22.171 17.4373 22.3415 16.5203 15.4994 14.8478 23.3489 31.8429 22.159 21.1983 17.1571 13.7359 13.834 13.6685 12.99 18.2667 15.4252 14.2274 11.6848 11.4562 11.3682 14.328
threshold=0.067668609321117415 0.20203144103288653 0.041530730202794082 0.10085209831595422 0 1 2 4.5000000000000009 3 -1.0000000180025095e-35 4 5 0.22076819092035296 0.076271075755357756 3.5000000000000004 0.088495206087827696 6 7 10.500000000000002 3.5000000000000004 0.24046088755130771 0.02436491567641497 8 28.500000000000004 9.5000000000000018 2.5000000000000004 0.12669155001640323 9 11.500000000000002 0.24046088755130771
decision_type=2 2 2 2 9 9 9 2 9 2 9 9 2 2 2 2 9 9 2 2 2 2 9 2 2 2 2 9 2 2
left_child=2 3 21 7 -4 -3 -6 13 9 10 -5 -9 -12 14 17 27 -15 -2 -19 28 -21 -1 24 -24 25 -11 -27 -16 -7 -30
right_child=1 5 4 8 6 19 -8 11 -10 22 12 -13 -14 16 15 -17 -18 18 -20 20 -22 -23 23 -25 -26 26 -28 -29 29 -31
leaf_value=-0.084122987862596629 -0.036792773682397868 0.089180446237971556 0.12418908719823114 -0.020988437660749325 -0.006034970258262602 0.049070386746456571 -0.045020581747121986 -0.051935174124674049 0.067758484068369249 -0.01969886765234749 0.047278916443138343 0.0081586036608645249 -0.035291661639955639 0.0022240898345813696 0.027656350398817128 0.074264620797141065 -0.036690999306304581 0.024400668675961343 0.10062719512947055 -0.044416706204648652 0.049749537802854682 -0.063453619986572646 0.033837852053478119 -0.0566107126641794 -0.040354623485082092 0.026142604088422328 0.0013115051331214495 -0.069302094280486254 0.063149016899060481 0.17728247399852071
leaf_weight=489.40922079980373 47.371119491755962 269.5901435315609 6.7172661796212196 58.963017918169498 218.83066682145 613.37586376816034 577.72721600532532 137.05063841864467 113.83402248471975 116.92053934931755 517.136694252491 69.345957230776548 23.77865406870842 591.37834066525102 13.419641293585299 23.168703645467758 184.63420220091939 411.10476680472493 31.812825050204992 30.452394932508469 31.990309938788414 923.93048467487097 513.26964772492647 23.343878977000713 57.50214359909296 547.07996066659689 289.94591589272022 68.546987194567919 36.297338724136353 15.781433418393133
leaf_count=11335 585 1179 36 622 3690 4007 10734 1981 859 1513 4330 960 175 7532 201 265 2470 5298 401 307 205 19981 4582 250 641 4942 3458 1135 255 88
internal_value=-0.00198 0.0230708 -0.0566458 0.0133436 -0.0320746 0.0605134 -0.0345181 -0.00300861 0.0247511 0.0224718 0.0369459 -0.0338656 0.0428568 0.00163527 0.0135138 -0.0292495 -0.00747901 0.0226838 0.0292161 0.0480113 0.00382604 -0.070611 0.0168631 0.0293561 0.00984747 0.0129768 0.0175411 -0.0585088 0.0528789 0.0977349
internal_weight=7053.71 4837.1 2216.61 3839.61 803.275 997.487 796.558 1577.83 2261.77 2147.94 599.878 206.397 540.915 1371.44 595.424 105.135 776.013 490.289 442.918 727.897 62.4427 1413.34 1548.06 536.614 1011.45 953.946 837.026 81.9666 665.455 52.0788
internal_count=94017 48241 45776 42200 14460 6041 14424 20828 21372 20513 5127 2941 4505 17887 7885 1601 10002 6284 5699 4862 512 31316 15386 4832 10554 9913 8400 1336 4350 343
cat_boundaries=0 1 15 29 30 44 53 69 82 91 101
cat_threshold=64 0 0 0 0 0 0 0 0 0 8 0 1073790976 0 4 32768 0 16416 288 17408 532480 0 0 2170880 0 0 0 0 75497472 2 2048 33554432 0 0 2048 2 0 0 17302528 0 0 0 0 262144 1048576 2147483648 0 0 33554432 0 0 536870912 4197044 1048704 2147483657 0 4325376 50331776 8454144 0 536870912 33302 32 0 8912896 0 0 0 1073741824 0 268435520 128 1621164032 51380672 0 2048 131072 4 0 0 2629632 32 536872960 0 1073741824 33554432 32 262144 0 2147485760 25694209 1048704 2147483648 128 1073750016 33554432 0 0 0 33556480 8192
is_linear=0
shrinkage=0.1


Tree=9
num_leaves=31
num_cat=14
split_feature=3 20 3 3 14 3 5 9 3 11 2 3 3 3 20 3 17 16 3 21 14 20 7 9 21 3 9 3 9 12
split_gain=587.339 164.322 81.1088 65.1526 56.7367 45.9301 31.1867 30.1269 29.1936 27.4526 25.3541 27.3787 22.9785 21.9064 17.9452 17.1855 17.5824 16.8456 16.3154 25.0949 14.7371 18.7229 14.0818 17.4057 13.4461 13.2774 13.4715 13.1827 13.1184 11.6264
threshold=0 0.058052787557244308 1 2 2.5000000000000004 3 4 75.350002288818374 5 -1.0000000180025095e-35 6 7 8 9 0.039724254980683334 10 9.5000000000000018 4.5000000000000009 11 3696.5000000000005 24.500000000000004 0.018535885028541092 2.5000000000000004 29.349999427795414 3597.5000000000005 12 32.149999618530281 13 66.350002288818374 2.5000000000000004
decision_type=9 2 9 9 2 9 9 10 9 2 9 9 9 9 2 9 2 2 9 2 2 2 2 8 2 9 10 9 10 2
left_child=3 2 14 -1 5 -3 12 9 -7 27 -10 -12 -4 -13 -2 16 22 -6 19 -19 21 -8 -11 -24 25 26 -15 -5 -23 -17
right_child=1 4 6 7 17 8 20 -9 10 15 11 13 -14 24 -16 29 -18 18 -20 -21 -22 28 23 -25 -26 -27 -28 -29 -30 -31
leaf_value=0.068231155491000187 0.081427030139098744 -0.04861651578897927 0.11988816504533467 0.061608980925934878 -0.080108899488662649 0.017427211696959124 -0.079346239526408097 0.17490841437756866 0.04506167948397069 0.004875006777756985 0.0061979514148029421 -0.0024394857994137803 -0.039774225285635539 -0.01262309876549962 0.0020801768586499558 0.031054602177408044 -0.04303139301579334 0.17106893868370707 -0.047047909761300563 -0.026327307601742629 -0.093256876100004049 -0.050930014101000211 0.10632411899477737 0.023019870624767774 -0.018243349101294066 -0.058208282340911646 0.16008002903033988 0.030233587668709712 0.082294133609349396 0.094201799614579917
leaf_weight=456.97280306369066 40.581201918423176 203.42593598365784 11.166126392781734 248.25822313129902 130.85825458541512 655.05400841683149 271.84062891080976 13.663560941815375 75.620357256382704 627.93701179325581 542.30993300303817 328.989894811064 12.838686380535364 23.289707481861118 95.765571892261505 471.29890140146017 55.332745753228664 10.34464278444648 71.601662002503872 17.063936896622181 114.16118197888136 1087.3073932901025 26.551609024405479 453.05454090237617 213.16314273327589 239.91014807671309 5.6032945774495593 479.93310487270355 7.4417687058448783 31.079336754977703
leaf_count=2247 499 4197 75 1788 2433 7765 6799 123 520 6020 6933 4574 206 407 1538 3767 615 137 1180 248 2724 23330 248 4272 2986 4342 94 3752 155 238
internal_value=-0.00121632 -0.0251931 -0.0498733 0.0335661 -0.00920292 -0.00444364 -0.0563463 0.0267301 0.000101149 0.0259959 -0.00790767 -0.0111764 0.0479102 -0.0227291 0.0239405 0.0189138 0.0118789 -0.0565615 -0.0254397 0.0352967 -0.0583464 -0.0558571 0.0147295 0.0276317 -0.0362477 -0.0518738 0.0155037 0.0421915 -0.0500244 0.0342788
internal_weight=7022.42 4158.34 1641.1 2864.08 2517.23 2287.37 1504.76 2407.11 2083.94 2393.45 1428.89 1353.27 24.0048 810.956 136.347 1665.25 1162.88 229.868 99.0102 27.4086 1480.75 1366.59 1107.54 479.606 481.966 268.803 28.893 728.191 1094.75 502.378
internal_count=94212 71142 35326 23070 35816 31818 33289 20823 27621 20700 19856 19336 281 12403 2037 15160 11155 3998 1565 385 33008 30284 10540 4520 7829 4843 501 5540 23485 4005
cat_boundaries=0 14 29 43 59 60 74 79 95 96 112 125 135 151 160
cat_threshold=536870912 266240 256 33554432 138420224 130 2147483648 2112 2173698112 12 33554432 1141227521 1040 262148 163840 0 1073743876 10493956 131148 8912896 2048 2147483648 2189312 8224 4325376 0 1048576 67108864 256 0 4096 0 0 134217728 0 0 0 1048576 8 0 1140899840 0 4 3035136 1140850688 536887301 0 2147516928 2148040704 1082132480 0 2097408 262144 0 33554432 0 2147483648 1048832 536936452 66 1050624 33554560 0 128 34603008 262144 0 557072 104870963 0 327680 524352 64 1312 0 0 524800 0 8388608 40960 2147483713 0 541179984 384 4097 538968080 2147483648 557696 0 402653184 2824 0 67108864 0 2048 2097152 128 1024 1073744384 8388608 8388640 1073807360 67634180 262145 2048 304 0 8388608 0 142606336 41472 268468232 536870912 262144 0 33554432 0 2 0 64 2147483712 0 33554432 65536 16 2176 2147483648 0 0 0 0 0 0 1558 8192 0 0 0 0 19456 2048 128 8192 65536 12288 0 0 0 536870912 134217728 67117056 536870912 262144 0 0 0 0 0 0 64
is_linear=0
shrinkage=0.1


Tree=10
num_leaves=31
num_cat=6
split_feature=10 10 10 5 17 14 3 3 0 14 14 3 9 14 20 16 14 21 3 19 19 14 16 16 20 10 21 9 16 20
split_gain=698.406 119.496 61.0996 36.5966 28.9298 31.4372 25.4129 22.6648 21.5181 21.0834 30.8258 24.4355 19.5466 19.2311 19.0564 17.2882 14.5418 15.0583 14.3763 13.9241 19.9968 12.8464 12.0455 18.3937 32.3037 24.2468 27.5208 21.17 11.9636 11.7498
threshold=0.067668609321117415 0.14145046472549441 0.041530730202794082 0 1.0000000180025095e-35 1.0000000180025095e-35 1 2 3 12.500000000000002 1.0000000180025095e-35 4 55.45000076293946 2.5000000000000004 0.037231564521789558 8.5000000000000018 3.5000000000000004 3520.5000000000005 5 0.15183437615633014 0.13366395980119708 23.500000000000004 44.500000000000007 1.5000000000000002 0.076271075755357756 0.11374979838728906 3655.5000000000005 42.95000076293946 15.500000000000002 0.03263551369309426
decision_type=2 2 2 9 2 2 9 9 9 2 2 9 10 2 2 2 2 2 9 2 2 2 2 2 2 2 2 8 2 2
left_child=2 4 16 -4 7 18 12 14 -8 10 15 -12 13 -3 -2 19 17 -1 -6 20 -9 29 23 -13 -25 26 -26 -28 -11 -5
right_child=1 6 3 21 5 -7 8 9 -10 28 11 22 -14 -15 -16 -17 -18 -19 -20 -21 -22 -23 -24 24 25 -27 27 -29 -30 -31
leaf_value=-0.088971931242204164 0.093455578191600552 0.02904592504750593 0.12008587737073975 0.033258251494976909 -0.031775365931445657 -0.040185971566296129 0.12273378940733613 0.012138976000725655 0.051697941039759401 -0.098991302688811234 0.0020793260406130618 0.048135642718452838 0.12665770217925396 -0.059288685470103075 -0.029457897217338692 -0.046645133664753292 -0.086784366619144807 -0.054035194655443076 0.030800013916783209 -0.0047267218450681879 0.037000999724548983 -0.09777489435788056 -0.029938193557274218 0.015493029582977033 0.25841394318506555 0.30926520526176138 -0.045633206703562967 0.14694699458735319 0.012220458448563875 -0.03127044387747116
leaf_weight=143.64559043571353 13.54174270108342 765.25094601511955 7.12738948315382 29.397556442767382 41.493256717920303 234.12991482019424 45.28014962375164 1734.8252937123179 732.2191212400794 25.406765826046467 74.596788499504328 52.465439081192017 19.855637475848198 25.465902611613274 184.05398708954453 48.337518166750669 230.47461160644889 874.05948642268777 133.13774961978197 350.69919873028994 397.66599889844656 27.935456365346909 8.6905712038278562 18.302699781954288 11.907769925892351 10.119957000017164 9.3006023764610273 14.778132509440185 15.619746424257754 703.18046242743731
leaf_count=3684 139 5457 36 563 541 3326 206 19472 3930 460 1062 592 132 254 2464 599 6053 21378 1657 3917 3038 626 107 234 139 93 115 181 241 13437
internal_value=-0.000806374 0.0193404 -0.0504498 -0.0282498 0.00870733 -0.0162352 0.0419654 0.0121398 0.0551259 0.0144518 0.0155726 0.0533509 0.0283125 0.026201 -0.0200211 0.0125856 -0.0641029 -0.0589664 0.0158759 0.0137385 0.0167752 -0.0308138 0.077475 0.0920909 0.127895 0.172515 0.134059 0.0725614 -0.0566504 -0.028681
internal_weight=6982.97 4967.14 2015.82 767.641 3379.07 408.761 1588.07 2970.31 777.499 2772.72 2731.69 200.162 810.572 790.717 197.596 2531.53 1248.18 1017.71 174.631 2483.19 2132.49 760.513 125.565 116.875 64.4092 46.1065 35.9865 24.0787 41.0265 732.578
internal_count=94133 48356 45777 14662 38377 5524 9979 32853 4136 30250 29549 2523 5843 5711 2603 27026 31115 25062 2198 26427 22510 14626 1461 1354 762 528 435 296 701 14000
cat_boundaries=0 1 15 29 30 41 53
cat_threshold=64 0 262144 0 0 0 262144 2147483648 32768 1 0 33554432 671154176 1024 278816 132 1 0 543432768 17826118 0 2048 0 573440 8192 281018368 2629720 32 1024 4 1048576 33554432 2048 0 8388608 0 0 2684354560 37750802 32 262144 536873088 2147483649 0 0 33554560 2 0 2684354560 8390676 0 0 524288
is_linear=0
shrinkage=0.1


Tree=11
num_leaves=31
num_cat=7
split_feature=10 3 10 5 10 3 14 3 21 14 21 14 17 14 11 3 3 3 20 20 17 13 16 16 9 9 20 9 6 9
split_gain=568.527 120.769 43.8241 47.3905 30.428 26.0204 24.9675 22.076 20.1308 16.9542 15.2747 15.2153 15.1585 14.4972 14.3091 38.9658 24.2502 14.1719 13.2504 13.0857 12.9414 12.7973 10.9977 10.8341 10.769 10.6482 10.4411 11.2161 9.99528 9.98466
threshold=0.057273160666227348 0 0.025939282029867176 1 0.088495206087827696 2 2.5000000000000004 3 3528.5000000000005 23.500000000000004 3597.5000000000005 26.500000000000004 14.500000000000002 6.5000000000000009 -1.0000000180025095e-35 4 5 6 0.039724254980683334 0.065991602838039412 42.500000000000007 0.14849267899990085 25.500000000000004 9.5000000000000018 66.350002288818374 46.250000000000007 0.16429743170738223 23.550000190734867 8.5000000000000018 26.349999427795414
decision_type=2 9 2 9 2 9 2 9 2 2 2 2 2 2 2 9 9 9 2 2 2 2 2 2 10 10 2 8 2 8
left_child=2 5 24 7 6 13 8 -4 17 14 28 12 -6 -2 16 25 -5 -3 -19 23 22 29 26 -10 -1 -16 -12 -28 -7 -21
right_child=1 4 3 9 11 10 -8 -9 19 -11 20 -13 -14 -15 15 -17 -18 18 -20 21 -22 -23 -24 -25 -26 -27 27 -29 -30 -31
leaf_value=-0.076169753023031236 0.073882553218947142 0.014654428010935101 0.1393737561190514 0.021217917271907718 0.014386015333709718 0.046030998546650111 -0.05245244392493853 -0.036631739068864286 0.032499692228492708 -0.095647276262646519 0.10879274671253358 -0.099638931055823915 -0.020900401615957749 -0.0035499225041961701 -0.0030309705351237474 -0.046763872989632235 -0.074583608892378431 0.079948078833417494 -0.06330267375002456 0.052470709955298823 -0.046029735966105205 0.080390528781930912 -0.03772368751420286 -0.055017865137402505 0.068091272305976697 0.080085593307912387 0.091083026866279837 0.025476531201440777 0.11502209223762148 -0.0071334154015005357
leaf_weight=536.82506304979324 289.51673664152622 44.397962395101786 15.276511006057262 31.587187815457582 2362.893219191581 282.97136000543833 110.19215507432818 10.516329012811184 182.31864163279533 59.498009812086821 16.179034240543842 12.14373593777418 128.3551460057497 26.382348090410233 192.55298375338316 639.07307570427656 190.85403862595558 6.8518158309161654 112.07739255949855 29.189039286226034 24.793869975954294 17.986500944942236 25.268708065152168 15.334736689925192 5.2249635085463515 16.754585284739733 26.955767869949341 782.76953931897879 22.682809539139271 756.6271181628108
leaf_count=14885 1236 652 100 707 23105 1746 2146 172 2506 1604 122 187 1553 118 4458 14892 4504 92 1713 409 217 249 205 252 138 380 183 5263 131 10356
internal_value=-0.000992293 0.0152062 -0.0513181 -0.0403183 0.00560454 0.0391333 -0.00695534 0.077427 -0.00265118 -0.043307 0.0316356 0.0120237 0.012568 0.0653472 -0.0408033 -0.0348841 -0.0633787 -0.0352044 -0.0507799 0.00265792 0.0251872 -0.00301047 0.0272617 0.0257097 -0.0747792 0.00345715 0.0292499 0.0276606 0.0511509 -0.00491943
internal_weight=6974.05 5275.89 1698.16 1156.11 3778.37 1497.52 1274.98 25.7928 1164.78 1130.32 1181.62 2503.39 2491.25 315.899 1070.82 848.381 222.441 163.327 118.929 1001.46 875.967 803.803 851.173 197.653 542.05 209.308 825.904 809.725 305.654 785.816
internal_count=94281 52441 41840 26817 43220 9221 18375 272 16229 26545 7867 24845 24658 1354 24941 19730 5211 2457 1805 13772 5990 11014 5773 2758 15023 4838 5568 5446 1877 10765
cat_boundaries=0 14 15 29 30 46 62 74
cat_threshold=0 266240 0 33554432 134225920 262274 2147483648 32768 68157504 12 134217728 1141227528 16 278564 66 0 4096 0 0 0 0 0 0 0 8 0 1073790976 0 4 2097152 33024 1073741824 8 0 49152 32768 4 8193 256 272 1081344 512 0 8388608 268439552 256 2147487744 16 570425344 0 0 134217728 268436481 0 2097152 0 0 256 0 536870912 0 41 1048640 268435465 0 1073823764 131074 524288 0 536870912 4261888 32768 0 16
is_linear=0
shrinkage=0.1


Tree=12
num_leaves=31
num_cat=8
split_feature=10 3 10 10 9 3 14 10 3 7 0 14 11 17 14 16 14 4 14 17 3 3 7 11 7 16 3 6 9 21
split_gain=477.631 78.1782 45.6369 31.1233 25.8214 25.3477 23.2341 19.1795 16.5512 14.6378 14.0827 13.4499 13.2596 12.418 26.9786 22.4276 11.6919 11.4678 11.1831 11.1362 14.8446 11.964 10.6833 10.6271 10.5775 10.3451 10.4795 13.3667 9.81895 9.56789
threshold=0.061565008014440543 0 0.02436491567641497 0.10085209831595422 69.350002288818374 1 23.500000000000004 0.041530730202794082 2 5.5000000000000009 3 16.500000000000004 1.0000000180025095e-35 1.0000000180025095e-35 1.0000000180025095e-35 8.5000000000000018 6.5000000000000009 4 1.0000000180025095e-35 11.500000000000002 5 6 2.5000000000000004 -1.0000000180025095e-35 4.5000000000000009 6.5000000000000009 7 9.5000000000000018 39.250000000000007 3715.5000000000005
decision_type=2 9 2 2 10 9 2 2 9 2 9 2 2 2 2 2 2 9 2 2 9 9 2 2 2 2 9 2 10 2
left_child=2 5 -1 11 6 16 7 -4 -9 10 12 19 -5 14 25 -16 24 23 22 21 -21 -3 -15 -7 -2 26 27 -10 29 -22
right_child=1 3 4 9 -6 17 -8 8 13 -11 -12 -13 -14 18 15 -17 -18 -19 -20 20 28 -23 -24 -25 -26 -27 -28 -29 -30 -31
leaf_value=-0.078019802179795067 0.065007775237938867 -0.034988097951531814 -0.0473526885918195 0.026948979245199928 0.1733547585667396 0.043843256068499335 -0.096295425153495429 -0.057780444330423258 0.01156700536138649 0.05116881803696998 0.011401073401316993 -0.074601987357084384 0.11567364388373969 0.057566134287311367 0.095037525057881336 -0.053494390809817043 0.00093825720219928147 0.10439097666228081 -0.06683330595807889 -0.047983988610047122 0.069079429287593017 0.0027706490558129016 -0.064716688887193952 0.019474095037848849 0.13285366150540129 -0.089308192657221161 -0.041885855492066824 -0.052651082437666842 -0.084224706780604119 -0.01876881587943945
leaf_weight=372.2721541095525 226.51818212866783 79.045711178332567 700.83237706124783 54.248656503856182 5.7316092252731314 245.78105798363686 68.003666691482067 100.18841421231627 178.48051013052464 105.14645781740546 2090.778043743223 25.923111349344254 24.428801342844963 17.157065968960527 41.939219240099192 13.418416928499935 25.581593066453934 19.10484467446804 70.102008666843176 99.979889377951622 29.724684927612543 1447.9933970570564 12.242664240300654 658.11629327386618 25.573574006557465 18.475613117218018 74.344008222222328 39.604602631181479 8.4031841270625574 21.269177217036486
leaf_count=11350 929 1116 18431 298 118 1417 2019 2124 3547 884 19130 557 136 346 899 268 114 120 1492 1536 417 19133 249 4278 105 376 1571 829 125 313
internal_value=-0.00125791 0.0138595 -0.0470447 0.00704647 -0.0384427 0.0361232 -0.0393522 -0.0362954 -0.0226028 0.0147301 0.012964 -0.00311897 0.0544974 -0.0135054 -0.00528472 0.0590341 0.0630819 0.0274238 -0.0451227 -0.00202015 -0.0271737 0.000605124 0.006645 0.0261004 0.0718904 -0.0167369 -0.0121519 -9.09318e-05 0.0136376 0.0324386
internal_weight=6900.41 5187.62 1712.79 3986.94 1340.52 1200.68 1334.79 1266.78 565.953 2274.6 2169.46 1712.34 78.6775 465.764 366.262 55.3576 277.673 923.002 99.5017 1686.42 159.377 1527.04 29.3997 903.897 252.092 310.905 292.429 218.085 59.397 50.9939
internal_count=94227 50608 43619 43645 32269 6963 32151 30132 11701 20448 19564 23197 434 9577 7490 1167 1148 5815 2087 22640 2391 20249 595 5695 1034 6323 5947 4376 855 730
cat_boundaries=0 14 28 44 45 46 55 68 84
cat_threshold=0 266240 1073742080 0 134217728 262272 536870912 32768 1048640 12 33619968 1140899840 0 262148 0 0 0 0 0 0 0 0 0 12 0 67158016 0 4 2147483648 524304 2162696 0 32768 1275068416 117702791 0 256 4864 67665920 16777728 0 134217728 128 8192 4 4 1048576 2147483649 16513 0 8388608 0 0 536870912 37751472 0 0 2048 539033604 6 2107393 8388608 0 32768 32768 281149440 2629632 32 136355840 0 0 8 16 17301504 655360 0 2162688 0 0 4096 0 8396800 256 67108864
is_linear=0
shrinkage=0.1


Tree=13
num_leaves=31
num_cat=6
split_feature=10 10 10 17 14 3 3 14 14 3 3 9 11 21 14 3 11 21 8 21 6 11 3 14 6 19 11 20 14 19
split_gain=425.679 71.7664 44.3497 27.8715 46.711 34.5795 23.0989 17.9929 30.1405 46.0842 25.474 18.0509 16.8337 16.1642 14.4293 36.3274 16.9954 13.5928 12.8552 27.6073 11.7908 11.3821 11.2679 10.6711 12.9313 10.5857 31.4601 10.0631 9.97469 9.67049
threshold=0.061565008014440543 0.21841647475957873 0.041530730202794082 1.0000000180025095e-35 1.0000000180025095e-35 0 1 20.500000000000004 1.0000000180025095e-35 2 3 48.250000000000007 2.5000000000000004 3520.5000000000005 2.5000000000000004 4 -1.0000000180025095e-35 400.50000000000006 26.500000000000004 3661.5000000000005 4.5000000000000009 4.5000000000000009 5 1.5000000000000002 9.5000000000000018 0.028124080039560798 1.5000000000000002 0.094811331480741515 2.5000000000000004 0.11290118843317033
decision_type=2 2 2 2 2 9 9 2 2 9 9 10 2 2 2 9 2 2 2 2 2 2 9 2 2 2 2 2 2 2
left_child=2 3 13 6 5 -5 -2 8 10 23 -8 18 -12 -1 15 16 -15 -14 20 -20 28 -22 -19 24 27 26 -4 -10 -11 -25
right_child=1 -3 25 4 -6 -7 7 -9 9 11 12 -13 17 14 -16 -17 -18 22 19 -21 21 -23 -24 29 -26 -27 -28 -29 -30 -31
leaf_value=-0.090269549415461475 -0.026873674802299213 0.041302869136060197 -0.060816772645802535 -0.04631628601672421 -0.040770179374229366 0.041294163134118683 -0.013317709389099402 -0.071831461298637697 0.041794226322311924 0.04603390600171553 0.014433099749558696 0.20131702632487292 0.085659862058243691 -0.058722736197890715 -0.078244713655641451 -0.062329172305617381 0.0020509078880874853 0.028259872835898172 0.24112461832598298 0.032339009978985256 0.13170001697973718 0.052819666942273726 -0.052750124824684656 -0.042701624488194506 0.12927848469076889 -0.026004328047607769 0.23223574534902719 -0.050876910246750645 -0.06588119422578996 0.049088799360303761
leaf_weight=137.01505349762738 150.87759389355779 738.59898603707552 8.9863712266087514 52.08316895365715 289.27895814552903 168.16900914534926 408.38360914215446 25.42617828771472 32.724431656301022 29.174630042165518 3025.0659362487495 11.946533832699059 9.6453748494386655 61.923016715794802 186.93532304465771 490.57997186668217 179.11784470081329 18.184735085815191 12.827299233525993 12.509429819881914 29.118267446756363 49.204818669706583 72.500085964798927 63.456876996904612 10.754621643573044 563.67651760205626 6.1842783540487281 18.253949612379074 10.95393545180559 14.012084171175955
leaf_count=4368 2104 3632 194 631 4058 2003 4856 490 397 291 28465 117 95 1703 5957 14213 4837 225 127 150 283 544 853 998 118 12061 98 159 135 134
internal_value=-0.00146109 0.0124058 -0.0460304 0.00767815 -0.0143506 0.0203488 0.0104807 0.0119817 0.0125695 0.0432812 0.0100063 0.0781838 0.0130548 -0.0582288 -0.0534495 -0.0471141 -0.0130215 -0.0272019 0.0733908 0.138042 0.059562 0.0821451 -0.039206 -0.00129051 0.0296329 -0.0237858 0.0586454 0.00861125 0.0154843 -0.0260992
internal_weight=6887.57 5253.15 1634.42 4514.55 509.531 220.252 4005.02 3854.14 3828.72 294.937 3533.78 155.735 3125.4 1055.57 918.556 731.621 241.041 100.33 143.788 25.3367 118.452 78.3231 90.6848 139.202 61.733 578.847 15.1706 50.9784 40.1286 77.469
internal_count=94296 50865 43431 47233 6692 2634 40541 38437 37947 3453 34494 1647 29638 31078 26710 20753 6540 1173 1530 277 1253 827 1078 1806 674 12353 292 556 426 1132
cat_boundaries=0 12 26 39 55 71 80
cat_threshold=536872960 2147745921 0 0 128 2 0 2684354560 25167892 0 0 524288 33554432 0 2180 538968384 1057068 2105344 16 524288 49154 8192 142737408 65536 32 67108864 1048576 33816577 16384 0 25165824 0 0 2684354624 37758993 32 0 526336 1048576 131200 2147483776 0 1077952544 2048 67586 8390656 536870912 8197 0 272891904 2099224 0 278528 0 1073741824 1073742848 32768 536870912 0 0 32768 1075838976 262162 0 16 0 256 0 536870912 2432827392 264480 0 0 1073741824 128 50331648 0 0 0 8391296
is_linear=0
shrinkage=0.1


Tree=14
num_leaves=31
num_cat=15
split_feature=3 3 14 3 3 3 3 17 14 14 3 19 3 8 9 14 16 3 16 21 3 3 3 1 0 3 11 8 9 9
split_gain=223.703 97.9536 46.2853 62.1441 37.8673 30.5888 26.6555 18.6991 41.2124 36.767 52.7529 92.1685 38.2482 26.6005 24.7049 23.8345 21.7582 20.5887 17.8393 20.5669 15.3258 15.3231 15.2194 16.3668 14.8581 14.7191 13.6972 15.1912 12.3709 12.257
threshold=0 1 17.500000000000004 2 3 4 5 1.5000000000000002 1.0000000180025095e-35 1.0000000180025095e-35 6 0.028124080039560798 7 6.5000000000000009 41.649999618530281 1.5000000000000002 7.5000000000000009 8 6.5000000000000009 3637.5000000000005 9 10 11 12 13 14 3.5000000000000004 23.500000000000004 66.350002288818374 75.350002288818374
decision_type=9 9 2 9 9 9 9 2 2 2 9 2 9 2 8 2 2 9 2 2 9 9 9 9 9 9 2 2 10 10
left_child=4 28 3 -3 -1 -5 -7 9 17 12 26 -12 -8 14 -13 -15 22 -9 19 -16 -18 -10 -14 -24 -22 -17 27 -11 -2 -6
right_child=1 2 -4 5 29 6 7 8 21 10 11 13 16 15 18 25 20 -19 -20 -21 24 -23 23 -25 -26 -27 -28 -29 -30 -31
leaf_value=0.055264504116352767 -0.064171822220038727 -0.077046697690029906 -0.081806714779188786 -0.04534631947611166 0.016054743526447653 -0.052124028237766219 -0.038795291417026714 -0.032916213379058964 0.0080819162162681975 -0.0045992570866171352 0.40141507707741675 -0.01308577869994791 0.022930752069425853 0.07688634363621287 0.11349403274180239 -0.025190602891387356 0.042506013173351523 0.033006076410488562 0.065046570171667165 0.32876436247234542 -0.082556449515268554 -0.058694085956277148 0.069529714292060868 -0.0018123158884449141 0.059165208585734652 0.04596033452931772 -0.04399530187207875 0.14804473436657323 0.092971671515462442 0.10107329571893726
leaf_weight=274.33788946270943 420.27309844084084 117.35143382102251 88.434839898720384 174.11181949824095 2728.3258955515921 98.020776960998774 252.89261129871011 60.768852721899748 45.848110161721706 31.638376221060753 7.7389919869601718 9.3617901504039747 342.85259434580803 75.187035024166107 7.9502957761287751 65.233557991683483 13.023801766335962 140.07423865236342 9.6325484886765462 10.046355959028004 67.800542265176773 196.93399310298264 22.888795800507069 1435.4235153384507 8.3035701401531679 37.457551755011082 86.537884971126914 8.2120581082999689 5.0701064914464942 17.063354700803757
leaf_count=1143 14176 3348 2563 4824 21505 2217 5140 887 831 509 97 141 4228 1033 116 1047 206 2034 136 156 1191 3748 137 20324 94 550 1659 141 135 120
internal_value=-0.000113157 -0.0161122 -0.0103743 -0.0085058 0.0202134 -0.0057404 -0.0033259 -0.00152521 -0.0204464 0.00183676 0.0319362 0.0596825 -0.00306463 0.0501519 0.127308 0.0341067 0.00191072 0.0130645 0.174879 0.233665 -0.0463092 -0.0481685 0.00430741 -0.000226665 -0.0593013 0.00278492 -0.0200679 0.0268564 -0.0608676 0.016523
internal_weight=6858.8 3839.07 3413.73 3325.29 3019.73 3207.94 3033.83 2935.81 443.625 2492.18 348.996 222.608 2143.19 214.869 36.991 177.878 1890.29 200.843 27.6292 17.9967 89.1279 242.782 1801.16 1458.31 76.1041 102.691 126.388 39.8504 425.343 2745.39
internal_count=94436 71668 57357 54794 22768 51446 46622 44405 7500 36905 5585 3276 31320 3179 549 2630 26180 2921 408 272 1491 4579 24689 20461 1285 1597 2309 650 14311 21625
cat_boundaries=0 14 30 46 60 76 92 108 124 138 153 168 182 183 184 195
cat_threshold=536870912 266240 256 64 155189376 262272 2684354560 32832 76550208 12 65536 1141161984 1040 262148 540672 67108866 1048576 2 2147484160 268435456 1073741824 0 0 851969 0 33554432 0 2097152 1175225382 536937477 82 16384 134217730 0 0 2214592512 37436 0 0 8388608 0 16777216 0 8388608 31523329 8671824 0 0 0 0 0 262144 0 0 0 0 0 1141161984 0 4 65536 34816 536870912 0 0 37749792 3948544 0 0 4096 0 2048 0 3355443200 268445768 54165512 2147483648 1048592 1033 0 36864 536870912 322969922 262160 0 0 67633152 545259520 0 8192 2684370944 4196384 1057792 5 1073760384 0 2097152 524288 0 2148007938 2204117282 8240 33554432 524289 0 67108864 0 256 1074009472 3221225472 0 549453824 19488 1073741888 2049 1 0 8208 0 8 1048576 536887296 135266304 1073741826 1193984 3221225473 16384 0 0 524290 0 2684354562 2148084757 0 0 0 0 256 32768 0 1073741824 131072 0 557056 128 524288 2689 0 0 0 0 0 4224 273408 2181038081 16384 0 0 65536 0 2 8212 8208 0 0 0 16384 256 1048576 33554433 2560 33783812 0 8916992 0 536870920 2687249 32768 134217728 134807552 0 256 4194304 2 2097152 2147483648 0 0 0 32768 2048 536870912 33429 0 262144
is_linear=0
shrinkage=0.1


Tree=15
num_leaves=31
num_cat=12
split_feature=3 3 3 14 3 5 3 9 3 3 21 3 0 20 7 21 21 20 19 16 19 21 14 11 21 11 4 8 3 19
split_gain=166.508 86.6396 52.6864 35.2436 50.8503 29.8354 21.4986 23.2887 18.4094 17.5554 16.4832 14.7032 14.2955 14.0122 13.3526 13.162 12.7808 12.7564 20.5735 12.5915 24.8424 11.4138 11.3426 10.4992 9.92552 11.9429 12.0349 9.8647 28.485 26.9756
threshold=0 1 2 23.500000000000004 3 4 5 58.45000076293946 6 7 3746.5000000000005 8 9 0.01699355244636536 4.5000000000000009 3795.5000000000005 3802.5000000000005 0.12669155001640323 0.11290118843317033 3.5000000000000004 0.013697088230401279 3557.5000000000005 2.5000000000000004 2.5000000000000004 3873.5000000000005 -1.0000000180025095e-35 10 18.500000000000004 11 0.028124080039560798
decision_type=9 9 9 2 9 9 9 10 9 9 2 9 9 2 2 2 2 2 2 2 2 2 2 2 2 2 9 2 9 2
left_child=15 9 17 4 -4 -6 -7 8 13 10 -2 -10 -13 -8 21 23 -9 18 22 -17 -21 -11 -3 -1 25 -23 -27 -14 29 -29
right_child=1 2 3 -5 5 6 7 16 11 14 -12 12 27 -15 -16 19 -18 -19 -20 20 -22 24 -24 -25 -26 26 -28 28 -30 -31
leaf_value=-0.054403592028959828 0.057186899624111845 0.0069462560547395892 -0.075268413264612519 -0.092659582689182451 0.11231766491212408 -0.033244456527619801 0.10660087320952308 0.078606520804864924 -0.037309378792846286 0.037214860182049524 0.012415372799287326 0.039043177230930898 -0.010223652537917923 -0.048469127373416881 0.043115489371925768 -0.03764448154936164 -0.065351727937378465 -0.0073891769404491429 0.029030687251035355 0.29941138237470272 -0.023528947670975853 0.025312947266818039 -0.043043835373699491 -0.088883931822857878 0.085310905599691331 0.090993264525597362 0.00070716504698510086 0.20774361116894013 -0.021067223186137168 0.017491011444244645
leaf_weight=253.70676821656525 248.94334261864424 934.48068713024259 108.98395941592753 54.442342352122068 10.485581316053867 312.86676959320903 6.070550311356782 46.581695144996047 116.83185264468193 174.57430297508836 122.7918890491128 80.836942993104458 1025.5403310842812 145.28239805065095 170.38367215916514 61.157548347488046 7.1082249376922837 382.25998126342893 525.64531981945038 3.4816051591187698 7.5423545613884926 312.0217943713069 47.705496676266193 135.46349275670946 17.140803501009941 15.037556611001492 811.2937773950398 7.5824952386319628 254.19478156045079 435.14907859824598
leaf_count=8509 1056 10818 3577 1742 59 8000 65 677 2513 1199 519 592 15574 3110 1178 2165 130 3977 3802 136 264 2008 830 4981 119 112 6167 134 4570 5978
internal_value=-0.000522514 0.00371363 -0.00381148 -0.0129943 -0.0113493 -0.0081635 -0.00913836 -0.00545041 -0.00716136 0.0217334 0.0412873 -0.0043728 -0.00204493 -0.039631 0.0166476 -0.0578769 0.0595473 0.00888008 0.0130635 -0.019912 0.0784626 0.0133822 0.0045182 -0.0664056 0.00978155 0.00864427 0.00235019 -0.0039851 0.00519504 0.0202911
internal_weight=6835.59 6374.24 4502.05 2611.96 2557.51 2448.53 2438.05 2125.18 2071.49 1872.19 371.735 1920.14 1803.3 151.353 1500.45 461.352 53.6899 1890.09 1507.83 72.1815 11.024 1330.07 982.186 389.17 1155.49 1138.35 826.331 1722.47 696.926 442.732
internal_count=94561 78506 66148 46721 44979 41402 41343 33343 32536 12358 1575 29361 26848 3175 10783 16055 807 19427 15450 2565 400 9605 11648 13490 8406 8287 6279 26256 10682 6112
cat_boundaries=0 16 30 46 62 63 79 95 109 125 126 127 139
cat_threshold=541712 67108866 536870912 2 2147483648 2415919104 1073742336 0 0 851969 0 50331648 0 2097152 1141121574 8455232 536870912 2147749888 256 2097344 138412032 262272 2684354560 557056 67113024 12 0 1140965384 1024 263172 32896 1152 132 0 1056896 0 16 2684356680 17835136 0 142868480 671875137 16 16384 0 1073741824 2 16384 1048578 0 0 4194336 36904 0 0 8388608 0 0 0 0 65766401 269799957 64 2097152 1083396 134218752 0 512 33555456 269500608 18 0 0 0 0 0 3221225472 1050696 593625224 302059520 524288 0 16 18880512 2 35727618 0 16384 4096 67633152 0 32 8388608 805322768 8194 0 0 0 0 0 262272 536870912 0 0 12 0 1140899848 0 4 3221487684 0 1075904512 134222080 64 67633152 88212481 393216 524288 32768 268435456 2048 0 402661376 2147483648 256 4 8 1181696 1107296337 18944 1107296256 33554464 36864 8388608 0 2151711505 8224 33685504 2097408
is_linear=0
shrinkage=0.1


Tree=16
num_leaves=31
num_cat=11
split_feature=10 3 3 5 19 6 17 9 10 3 16 12 3 3 9 19 0 7 1 12 12 3 3 13 16 3 6 16 6 6
split_gain=257.512 41.391 34.737 29.9159 23.762 35.6689 20.4851 19.9363 18.0713 14.7103 13.853 16.6984 20.5003 15.0894 13.2551 10.9351 9.80949 9.78972 9.3383 15.9655 13.5079 18.4333 10.8308 13.5371 9.74643 8.79461 7.64892 7.57401 22.5274 7.53497
threshold=0.064565557986497893 0 1 2 0.028124080039560798 7.5000000000000009 9.5000000000000018 66.350002288818374 0.02436491567641497 3 26.500000000000004 -1.0000000180025095e-35 4 5 69.350002288818374 0.026766764931380752 6 5.5000000000000009 7 -1.0000000180025095e-35 -1.0000000180025095e-35 8 9 0.011928476858884098 33.500000000000007 10 2.5000000000000004 19.500000000000004 5.5000000000000009 9.5000000000000018
decision_type=2 9 9 9 2 2 2 10 2 9 2 2 9 9 10 2 9 2 9 2 2 9 9 2 2 9 2 2 2 2
left_child=1 4 7 -3 5 -1 9 16 -5 -4 11 13 -13 26 -14 -11 -2 18 19 -17 21 29 23 -22 27 -8 -10 -24 -29 -20
right_child=2 3 6 8 -6 -7 25 -9 10 15 -12 12 14 -15 -16 17 -18 -19 20 -21 22 -23 24 -25 -26 -27 -28 28 -30 -31
leaf_value=0.27522425837053816 0.019740572514516268 0.084373341238728999 -0.032233160594447655 -0.068501820338916539 -0.0080136333542986365 -0.03005108656867388 0.01891983505527009 0.12468682702341034 0.15456424701082142 0.097029272521373625 -0.08576751453557907 0.0073815919156251146 -0.039377605886484597 -0.073118698140418437 0.12991342462923244 -0.02347549053956189 0.055945001226900319 0.03178615277888059 0.031811333912485987 0.052923559312623408 -0.017947204175944764 -0.0057997497850024223 0.0046000733740804252 0.049226121169330721 -0.045066450328989836 -0.030576868702721097 -9.2329368013446299e-05 0.15161981234550803 -0.013496606790975384 0.0051424980929056056
leaf_weight=7.5356792714446765 1359.5303834825754 10.204523473978043 85.192150790244341 286.67260887473822 259.7607656121254 7.7778296731412411 39.0141257122159 19.058101940900087 3.8726547043770578 13.66527723520994 61.482146430760622 126.02548508159816 585.5319555439055 151.24468360282481 4.6618420928716651 37.138691462576389 79.197726145386696 157.20901487022638 462.13810603320599 103.81073802709579 412.74992304295301 278.52098876237869 1798.1266681663692 32.352353613823652 38.940668378025293 206.03139128908515 18.353502810001373 13.677401199936865 20.872522503137589 137.45405425876379
leaf_count=142 8778 65 1212 11321 5579 148 521 111 115 111 1913 3595 16609 4468 88 355 393 1512 3444 758 4724 3332 19090 371 565 2886 552 171 302 1317
internal_value=-0.000589024 -0.0368241 0.00983474 -0.0443912 -0.00084665 0.120173 0.00479007 0.0229222 -0.0461203 0.00671106 -0.0398597 -0.0366872 -0.0299449 -0.0645245 -0.0374066 0.00772707 0.0217335 0.00739982 0.00625054 0.0306208 0.00506369 0.0156412 0.00107632 -0.0127776 0.0044157 -0.0231721 0.0185216 0.00549119 0.0518686 0.0252761
internal_weight=6817.8 1523.12 5294.68 1248.05 275.074 15.3135 3836.89 1457.79 1237.84 3591.85 951.172 889.69 716.219 173.471 590.194 3506.66 1438.73 3492.99 3335.78 140.949 3194.83 878.113 2316.72 445.102 1871.62 245.046 22.2262 1832.68 34.5499 599.592
internal_count=94548 44595 49953 38726 5869 290 40671 9282 38661 37264 27340 25427 20292 5135 16697 36052 9171 35941 34429 1113 33316 8093 25223 5095 20128 3407 667 19563 473 4761
cat_boundaries=0 16 30 31 44 60 76 77 78 88 100 110
cat_threshold=307264 1074266112 33570820 0 16384 2629632 1024 0 2162688 0 557056 0 0 75497472 268435584 67108864 0 266240 384 2097280 134219776 262274 536870912 32768 2165317697 12 0 1140965448 0 263172 64 33685504 0 0 541098272 294 1 16 0 33587200 0 262144 2105344 1048608 0 4 9 0 0 16809984 524288 0 0 16 1048576 0 0 0 2147614720 268476802 2147483648 0 536870912 0 0 134217728 270532737 0 0 0 0 33554688 0 0 0 524392 2 55574528 536873088 1 512 0 128 8388608 2147483648 2148008000 32 32 536872960 33554560 32 8519680 8192 4096 2048 2148007944 16384 8224 8388608 8388608 128 33554560 0 0 0 0 0 0 32784 8224
is_linear=0
shrinkage=0.1


Tree=17
num_leaves=31
num_cat=11
split_feature=10 10 5 0 3 21 3 3 9 21 14 21 11 11 4 9 14 3 6 3 11 3 3 6 21 14 3 16 17 10
split_gain=216.576 49.8836 21.8369 21.5357 18.084 20.713 17.0187 17.004 16.0018 15.6362 15.2526 14.3814 34.411 12.8494 12.8322 12.5587 12.2412 11.1658 14.4868 13.2324 10.7753 10.2752 9.98385 9.57076 9.20908 9.09989 7.9071 25.6396 20.9789 38.3203
threshold=0.041530730202794082 0.088495206087827696 0 1 2 3034.5000000000005 3 4 59.649999618530281 3778.5000000000005 23.500000000000004 3842.5000000000005 108.50000000000001 5.5000000000000009 5 25.650000572204593 4.5000000000000009 6 2.5000000000000004 7 1.5000000000000002 8 9 9.5000000000000018 3520.5000000000005 6.5000000000000009 10 1.5000000000000002 1.0000000180025095e-35 0.028185269795358184
decision_type=2 2 9 9 9 2 9 9 10 2 2 2 2 2 9 8 2 9 2 9 2 9 9 2 2 2 9 2 2 2
left_child=7 2 -2 20 15 -6 -5 16 10 17 14 13 21 24 22 -4 26 -8 19 -19 -3 -13 -7 -17 -9 -24 27 -1 29 -29
right_child=1 3 4 6 5 8 9 11 -10 -11 -12 12 -14 -15 -16 23 -18 18 -20 -21 -22 -23 25 -25 -26 -27 -28 28 -30 -31
leaf_value=-0.01750560027425711 0.099134083804484074 0.03823144361113482 0.078645008799693605 -0.00058073851687991194 -0.059488420460528615 -0.0070683606653538988 0.029465922971734976 -0.081531803060409122 0.081038531912122347 0.0023191767096718149 -0.09820809318893936 0.030276418792072053 0.30592788020619421 -0.08127330706729477 0.13723432254848061 0.0078827769408414319 -0.080538231744455666 -0.02871788087265071 0.017902371487180789 0.018118597499156602 0.11035595902886292 -0.057084308975039737 -0.037148193758319722 -0.022925740257055908 -0.043489491912159006 0.079727303803325114 -0.041783845280739494 0.44621755262154467 -0.0014474369194187868 0.076509679941057104
leaf_weight=100.97655123285949 9.0354015678167343 95.855779752135277 21.961319204419851 947.08949067816138 103.68938411772251 700.48764289356768 704.48835624754429 75.901106046512723 17.970889918506145 756.03381330892444 21.137166915461421 17.221561383455992 3.4252251684665671 176.7110019531101 5.7040079683065406 503.84075461141765 26.986112508922815 131.26650773733854 1413.706817548722 97.464463502168655 26.424190804362297 21.161533266305923 204.01495071873069 126.06223925575614 393.68989418819547 6.8866360001265994 39.173520596697927 3.8215391747653511 12.708770329132674 10.524851700291036
leaf_count=3019 42 496 339 9744 1929 11854 4066 3152 287 6493 766 607 132 6912 91 7806 1057 1403 10770 763 133 780 4097 2005 13585 130 1213 126 372 290
internal_value=-0.000356092 0.00656178 -0.00776443 0.0124703 -0.00885609 -0.0168772 0.011222 -0.0465623 -0.012433 0.0147787 -0.0142233 -0.0538288 0.00222943 -0.0582879 -0.0122877 0.00424368 -0.0171586 0.0188553 0.0140392 -0.0092238 0.0538173 -0.024872 -0.0132235 0.00171708 -0.0496384 -0.0318229 -0.0079556 0.00524836 0.0921117 0.174991
internal_weight=6775.42 5893.12 1720.79 4172.33 1711.75 1059.89 4050.05 882.302 956.201 3102.96 938.23 688.11 41.8083 646.302 917.093 651.864 194.191 2346.93 1642.44 228.731 122.28 38.3831 911.389 629.903 469.591 210.902 167.205 128.032 27.0552 14.3464
internal_count=94459 63214 29346 33868 29304 19154 33239 31245 17225 23495 16938 25168 1519 23649 16172 10150 6077 17002 12936 2166 629 1387 16081 9811 16737 4227 5020 3807 788 416
cat_boundaries=0 1 2 16 28 44 45 57 71 87 103 118
cat_threshold=64 4 168128 2147484672 133 537133076 33554432 526336 16 537001984 2172928 32 8388608 25174528 0 67108864 536872960 4224 1073741824 14811200 16777216 262144 2048 2147483648 2223506948 0 268697600 526344 65536 0 33554432 0 2101248 32832 1080033536 8210 0 0 0 0 0 536870912 1200144 268992640 4 0 262144 768 0 10272 2 0 0 1048640 8 134217728 311296 0 33554432 0 0 134217728 0 0 64 16777216 0 0 0 0 262144 16384 4 536870912 0 512 0 0 0 0 16 0 33554432 0 0 0 6 3145728 655360 32 0 16768 18878468 67633280 134217736 4243840 8192 0 0 0 8388608 0 1140858880 65536 0 0 0 0 32768 1075838976 8194 0 0 0 0 0 0 1052672
is_linear=0
shrinkage=0.1


end of trees

feature_importances:
OrgaoDestinatario=113
orgao_rate=69
n_pedidos_previos_neste_orgao=50
dias_desde_primeiro_pedido_do_orgao=39
n_pedidos_previos=38
orgao_rate_movel_365d=37
orgao_rate_movel_90d=29
reg_month=28
idade=28
dias_desde_ultimo_pedido=24
n_orgaos_distintos_previos=20
OrigemSolicitacao=15
Esfera=13
reg_dow=10
reg_day=9
prev_reenc_solicitante=5
prev_reenc_rate_solicitante=4
Municipio=3
FormaResposta=3
UF=2
prev_reenc_rate_neste_orgao=1

parameters:
[boosting: gbdt]
[objective: binary]
[metric: average_precision]
[tree_learner: serial]
[device_type: cpu]
[data_sample_strategy: bagging]
[data: ]
[valid: ]
[num_iterations: 600]
[learning_rate: 0.1]
[num_leaves: 31]
[num_threads: 6]
[seed: 42]
[deterministic: 0]
[force_col_wise: 0]
[force_row_wise: 0]
[histogram_pool_size: -1]
[max_depth: -1]
[min_data_in_leaf: 100]
[min_sum_hessian_in_leaf: 0.001]
[bagging_fraction: 0.8]
[pos_bagging_fraction: 1]
[neg_bagging_fraction: 1]
[bagging_freq: 1]
[bagging_seed: 400]
[bagging_by_query: 0]
[feature_fraction: 0.8]
[feature_fraction_bynode: 1]
[feature_fraction_seed: 30056]
[extra_trees: 0]
[extra_seed: 12879]
[early_stopping_round: 0]
[early_stopping_min_delta: 0]
[first_metric_only: 0]
[max_delta_step: 0]
[lambda_l1: 0]
[lambda_l2: 0]
[linear_lambda: 0]
[min_gain_to_split: 0]
[drop_rate: 0.1]
[max_drop: 50]
[skip_drop: 0.5]
[xgboost_dart_mode: 0]
[uniform_drop: 0]
[drop_seed: 17869]
[top_rate: 0.2]
[other_rate: 0.1]
[min_data_per_group: 100]
[max_cat_threshold: 32]
[cat_l2: 10]
[cat_smooth: 10]
[max_cat_to_onehot: 4]
[top_k: 20]
[monotone_constraints: ]
[monotone_constraints_method: basic]
[monotone_penalty: 0]
[feature_contri: ]
[forcedsplits_filename: ]
[refit_decay_rate: 0.9]
[cegb_tradeoff: 1]
[cegb_penalty_split: 0]
[cegb_penalty_feature_lazy: ]
[cegb_penalty_feature_coupled: ]
[path_smooth: 0]
[interaction_constraints: ]
[verbosity: -1]
[saved_feature_importance_type: 0]
[use_quantized_grad: 0]
[num_grad_quant_bins: 4]
[quant_train_renew_leaf: 0]
[stochastic_rounding: 1]
[linear_tree: 0]
[max_bin: 63]
[max_bin_by_feature: ]
[min_data_in_bin: 3]
[bin_construct_sample_cnt: 200000]
[data_random_seed: 175]
[is_enable_sparse: 1]
[enable_bundle: 1]
[use_missing: 1]
[zero_as_missing: 0]
[feature_pre_filter: 1]
[pre_partition: 0]
[two_round: 0]
[header: 0]
[label_column: ]
[weight_column: ]
[group_column: ]
[ignore_column: ]
[categorical_feature: 0,1,2,3,4,5]
[forcedbins_filename: ]
[precise_float_parser: 0]
[parser_config_file: ]
[objective_seed: 16083]
[num_class: 1]
[is_unbalance: 0]
[scale_pos_weight: 1]
[sigmoid: 1]
[boost_from_average: 1]
[reg_sqrt: 0]
[alpha: 0.9]
[fair_c: 1]
[poisson_max_delta_step: 0.7]
[tweedie_variance_power: 1.5]
[lambdarank_truncation_level: 30]
[lambdarank_norm: 1]
[label_gain: ]
[lambdarank_position_bias_regularization: 0]
[eval_at: ]
[multi_error_top_k: 1]
[auc_mu_weights: ]
[num_machines: 1]
[local_listen_port: 12400]
[time_out: 120]
[machine_list_filename: ]
[machines: ]
[gpu_platform_id: -1]
[gpu_device_id: -1]
[gpu_device_id_list: ]
[gpu_use_dp: 0]
[num_gpu: 1]

end of parameters

pandas_categorical:[]
